extremely	-0.4117647058823529	[1, 1, 1, -1, -1, -1, 1, -1, -1, -1, -1, -1, -1, -1, 1, -1, -1, -1, -1, -1, -1, -1, 1, -1, -1, -1, -1, 1, -1, -1, -1, 1, 1, 1]
impressed	1.0	[1, 1, 1, 1]
conscientiousness	1.0	[1]
professionalism	1.0	[1, 1]
cabin	-0.5833333333333334	[1, -1, 1, -1, -1, -1, -1, -1, -1, -1, -1, -1, -1, 1, -1, -1, -1, -1, -1, -1, -1, -1, 1, 1]
crew	-0.125	[1, -1, -1, 1, 1, 1, 1, 1, 1, 1, -1, -1, 1, -1, 1, -1, -1, 1, -1, -1, -1, -1, -1, 1, 1, 1, -1, -1, -1, -1, -1, -1, 1, -1, -1, 1, -1, 1, -1, -1, -1, -1, -1, -1, 1, 1, 1, 1]
flight	-0.6634460547504025	[1, -1, 1, -1, -1, 1, 1, -1, -1, -1, -1, -1, -1, -1, -1, -1, -1, -1, -1, -1, -1, -1, -1, -1, -1, -1, -1, -1, -1, 1, -1, -1, 1, 1, -1, -1, -1, -1, -1, -1, -1, -1, -1, 1, 1, 1, -1, -1, -1, -1, -1, -1, -1, -1, -1, -1, 1, 1, 1, -1, -1, -1, -1, -1, -1, -1, -1, -1, -1, -1, -1, -1, -1, -1, 1, -1, -1, -1, -1, -1, 1, -1, -1, 1, -1, -1, -1, -1, -1, -1, 1, 1, -1, -1, -1, -1, -1, -1, -1, -1, -1, -1, -1, -1, -1, -1, -1, -1, -1, -1, -1, -1, -1, -1, -1, -1, -1, -1, -1, -1, 1, -1, -1, -1, -1, -1, -1, -1, -1, -1, -1, 1, -1, -1, -1, -1, -1, 1, -1, -1, -1, -1, -1, 1, 1, -1, -1, -1, -1, -1, -1, -1, -1, -1, -1, -1, -1, -1, -1, -1, -1, 1, -1, -1, -1, -1, -1, -1, -1, 1, -1, -1, -1, -1, -1, -1, -1, -1, -1, -1, -1, -1, 1, 1, 1, 1, -1, -1, -1, -1, -1, -1, -1, -1, -1, -1, -1, -1, -1, -1, -1, -1, -1, -1, -1, -1, -1, -1, -1, -1, -1, -1, -1, -1, -1, -1, 1, -1, -1, -1, -1, -1, -1, -1, -1, -1, -1, -1, -1, -1, -1, -1, -1, -1, -1, -1, -1, -1, -1, -1, -1, -1, -1, -1, -1, -1, 1, -1, 1, 1, -1, -1, 1, -1, -1, -1, -1, -1, -1, -1, -1, -1, -1, 1, -1, -1, -1, -1, -1, -1, -1, -1, -1, -1, -1, -1, -1, -1, 1, -1, -1, -1, -1, -1, -1, -1, -1, -1, -1, -1, -1, 1, 1, -1, -1, -1, 1, 1, -1, -1, -1, -1, -1, -1, -1, -1, -1, -1, -1, 1, 1, -1, -1, -1, -1, -1, -1, -1, -1, -1, -1, 1, -1, -1, -1, -1, -1, -1, -1, -1, -1, -1, -1, -1, -1, -1, -1, -1, -1, -1, -1, -1, 1, -1, -1, -1, -1, -1, -1, -1, -1, -1, -1, -1, -1, -1, -1, -1, 1, -1, 1, -1, -1, -1, -1, -1, -1, -1, -1, -1, -1, -1, -1, -1, 1, -1, 1, -1, -1, -1, -1, -1, -1, -1, -1, -1, -1, 1, -1, 1, -1, -1, -1, -1, -1, -1, -1, -1, -1, -1, -1, 1, 1, -1, -1, -1, -1, -1, -1, -1, -1, -1, -1, -1, -1, -1, -1, -1, -1, -1, -1, -1, -1, 1, -1, 1, -1, 1, -1, -1, -1, -1, -1, -1, 1, -1, -1, -1, -1, -1, -1, -1, 1, -1, -1, -1, -1, -1, -1, -1, -1, -1, -1, -1, -1, -1, -1, -1, 1, -1, -1, -1, -1, -1, -1, -1, -1, -1, -1, -1, -1, -1, -1, -1, -1, -1, -1, -1, -1, 1, -1, -1, -1, -1, -1, 1, -1, 1, -1, 0, 0, -1, -1, -1, -1, -1, -1, 0, 0, 0, -1, -1, -1, -1, -1, -1, -1, 1, -1, 1, 1, 1, 1, -1, 1, -1, -1, -1, -1, -1, -1, -1, -1, 1, 1, -1, -1, 1, 1, 1, 1, 1, -1, -1, -1, -1, -1, -1, -1, -1, -1, -1, -1, -1, -1, -1, -1, -1, -1, -1, -1, -1, -1, -1, -1, 1, 1, -1, -1, 1, 1, -1, -1, -1, -1, -1, 1, 1, 1, -1, -1, 1, -1, -1, -1, -1, 1, 1, -1, -1, 1, 1, -1, -1, -1, 1, -1, -1, -1, -1, -1, 1, 1, 1, -1, 1, 1, -1, 1, -1, -1, -1, 1, 1, 1, -1, -1, 1, -1, 1, -1, -1, -1, -1, -1, -1, 1, 1, 1, 1, -1]
attendant	-0.4222222222222222	[1, 1, 1, -1, 1, -1, -1, 1, 1, -1, -1, -1, -1, -1, -1, -1, -1, 1, -1, -1, -1, -1, -1, -1, -1, -1, -1, -1, -1, 1, 1, -1, -1, -1, 1, -1, 1, 1, -1, -1, 1, -1, -1, -1, -1]
extraordinary	1.0	[1, 1]
effort	0.3333333333333333	[1, 1, -1]
track	0.0	[1, -1]
passenger	-0.8795180722891566	[1, -1, 1, -1, -1, -1, -1, -1, -1, -1, -1, -1, -1, -1, -1, -1, -1, -1, -1, -1, -1, -1, -1, -1, -1, -1, -1, -1, -1, -1, -1, -1, -1, -1, -1, -1, -1, -1, -1, -1, -1, -1, -1, -1, -1, -1, -1, -1, -1, -1, 1, -1, -1, -1, -1, -1, -1, -1, -1, -1, -1, -1, -1, -1, 1, -1, -1, -1, -1, -1, -1, -1, -1, 1, -1, -1, -1, -1, -1, -1, -1, -1, -1]
drop	-0.7894736842105263	[1, -1, -1, -1, -1, -1, -1, -1, -1, -1, -1, -1, -1, -1, -1, -1, -1, -1, 1]
diamond	1.0	[1]
earring	1.0	[1]
board	-0.5853658536585366	[1, -1, -1, -1, -1, -1, -1, -1, 1, -1, -1, -1, -1, -1, -1, -1, 1, -1, -1, -1, -1, -1, -1, -1, -1, -1, -1, 1, -1, -1, -1, -1, 1, -1, -1, -1, -1, -1, -1, -1, -1, -1, -1, 1, -1, -1, 1, -1, -1, -1, -1, -1, 1, -1, -1, -1, -1, -1, 1, 1, -1, -1, -1, -1, -1, -1, 1, -1, -1, -1, 1, -1, -1, -1, 1, -1, 1, -1, 1, -1, 1, 1]
terminal	-0.8461538461538461	[1, -1, -1, -1, -1, -1, -1, -1, -1, -1, -1, -1, -1]
clear	-0.9	[1, -1, -1, -1, -1, -1, -1, -1, -1, -1, -1, -1, -1, -1, -1, -1, -1, -1, -1, -1]
team	0.14285714285714285	[1, 1, -1, -1, -1, 1, 1]
take	-0.6388888888888888	[1, 1, -1, -1, -1, -1, -1, -1, -1, -1, -1, -1, -1, -1, -1, -1, -1, -1, -1, -1, -1, -1, -1, -1, -1, -1, -1, -1, -1, -1, -1, 1, 1, -1, -1, -1, -1, -1, -1, -1, -1, -1, -1, -1, -1, 1, 1, -1, -1, 1, -1, -1, 1, -1, -1, -1, -1, -1, -1, -1, 1, 1, 1, -1, 1, -1, 1, -1, -1, -1, -1, -1]
great	0.203125	[1, 1, 1, 1, -1, 1, 1, 1, 1, -1, 1, -1, -1, 1, 1, -1, -1, -1, 1, -1, -1, 1, 1, -1, -1, -1, -1, -1, -1, -1, 1, 1, 1, -1, 1, -1, 1, 1, 1, -1, -1, 0, 1, 1, 1, 1, -1, 1, -1, 1, 1, -1, 1, 1, 1, 1, 1, 1, -1, 1, 1, 1, -1, 1]
pride	1.0	[1]
work	-0.65	[1, -1, -1, -1, 1, 1, -1, -1, -1, -1, -1, -1, -1, -1, -1, -1, -1, -1, -1, -1, -1, -1, 1, -1, -1, -1, -1, 1, -1, 1, -1, -1, -1, -1, -1, -1, -1, -1, 1, -1]
long	-0.9166666666666666	[-1, 1, -1, -1, -1, -1, -1, -1, -1, -1, -1, -1, -1, -1, -1, -1, -1, -1, -1, -1, -1, -1, -1, -1, -1, -1, -1, -1, -1, -1, -1, -1, -1, -1, -1, -1, -1, -1, -1, -1, -1, -1, -1, -1, -1, -1, -1, -1, -1, -1, -1, 1, -1, -1, -1, -1, -1, -1, -1, -1, 0, -1, -1, -1, -1, -1, -1, -1, -1, -1, -1, -1, -1, -1, -1, -1, -1, -1, -1, -1, -1, -1, -1, 1]
transatlantic	-1.0	[-1, -1, -1, -1, -1, -1, -1, -1, -1, -1, -1, -1]
serve	-0.9310344827586207	[-1, -1, -1, -1, -1, -1, -1, -1, -1, -1, -1, -1, -1, -1, -1, -1, -1, -1, -1, -1, -1, -1, -1, -1, -1, -1, 1, -1, -1]
basic	-0.7142857142857143	[-1, 1, -1, -1, -1, -1, -1]
food	-0.8666666666666667	[-1, -1, -1, -1, -1, -1, -1, -1, -1, -1, -1, -1, -1, 1, 1, -1, -1, -1, -1, -1, -1, -1, -1, -1, -1, -1, -1, -1, -1, -1, -1, -1, -1, -1, -1, -1, -1, -1, -1, -1, -1, -1, -1, -1, -1, -1, -1, -1, -1, -1, -1, -1, -1, -1, -1, -1, -1, -1, -1, -1, -1, -1, -1, -1, -1, -1, -1, -1, -1, -1, -1, -1, -1, -1, -1, -1, -1, -1, -1, -1, -1, -1, -1, -1, -1, -1, -1, -1, -1, -1, -1, -1, -1, -1, 1, -1, -1, -1, -1, -1, -1, -1, -1, 1, -1, -1, -1, -1, -1, -1, -1, -1, -1, -1, -1, -1, -1, 0, 0, -1, -1, -1, -1, -1, -1, -1, -1, -1, -1, -1, -1, -1, -1, -1, -1, -1, -1, -1, -1, 1, 1, -1, -1, 1, 1, -1, 1, -1, -1, -1]
like	-0.5466666666666666	[-1, -1, -1, -1, -1, -1, -1, 1, -1, -1, -1, -1, 0, 0, -1, 1, -1, -1, -1, -1, -1, -1, -1, -1, -1, -1, -1, -1, 1, -1, -1, -1, 0, -1, -1, -1, -1, 1, -1, -1, -1, 1, 1, -1, -1, -1, 1, -1, -1, -1, -1, -1, -1, -1, -1, 1, -1, -1, -1, -1, -1, 1, -1, -1, 0, 1, 1, -1, -1, -1, 1, 1, 1, 1, -1]
sandwich	-1.0	[-1, -1, -1, -1, -1, -1, -1, -1, -1, -1, -1]
snack	-0.875	[-1, -1, -1, -1, -1, -1, -1, -1, -1, -1, -1, -1, -1, -1, -1, -1, -1, -1, -1, -1, -1, -1, -1, -1, -1, -1, -1, -1, -1, -1, 1, 1]
airline	-0.5666666666666667	[-1, -1, -1, -1, 1, -1, 1, -1, 1, 1, -1, 1, -1, 1, -1, -1, 1, -1, -1, -1, -1, 1, -1, -1, -1, -1, -1, -1, -1, -1, -1, 1, -1, -1, -1, -1, -1, -1, -1, 1, 1, -1, -1, -1, -1, -1, -1, -1, -1, -1, -1, -1, -1, -1, -1, -1, -1, -1, -1, 1, -1, -1, -1, -1, -1, -1, 1, -1, -1, -1, -1, -1, -1, -1, -1, 0, -1, -1, -1, 1, 1, 1, -1, -1, 1, -1, -1, 1, -1, 1]
stand	-0.8	[-1, -1, -1, -1, -1, 1, -1, -1, -1, -1, -1, -1, -1, -1, -1, 1, -1, -1, -1, -1]
galley	-1.0	[-1, -1]
offer	-0.86	[-1, -1, -1, -1, -1, -1, -1, -1, -1, -1, -1, -1, -1, -1, -1, -1, -1, -1, -1, -1, -1, -1, -1, -1, 1, -1, -1, -1, 1, -1, -1, -1, -1, -1, -1, -1, -1, -1, -1, -1, -1, -1, 0, -1, -1, -1, -1, 1, -1, -1]
big	-0.7142857142857143	[-1, -1, -1, 1, -1, -1, -1, -1, -1, -1, -1, -1, -1, 1]
issue	-0.7333333333333333	[-1, -1, -1, -1, -1, -1, -1, -1, -1, -1, -1, -1, -1, -1, -1, 1, -1, -1, -1, -1, -1, -1, -1, 1, -1, -1, -1, -1, 1, 1]
entire	-0.6	[-1, -1, -1, -1, -1, 1, 1, -1, -1, -1, -1, -1, -1, -1, 1]
group	-0.6666666666666666	[-1, -1, 1, -1, -1, -1]
travel	-0.35555555555555557	[-1, -1, -1, -1, -1, 1, -1, -1, 1, -1, -1, 1, -1, 1, -1, -1, -1, 1, -1, -1, -1, -1, -1, -1, -1, -1, -1, -1, -1, 1, -1, 1, -1, -1, -1, -1, 0, 0, 1, 1, 1, -1, -1, 1, 1, 1, 1, -1, 1, -1, -1, -1, -1, -1, 1, 1, -1, -1, -1, 1, -1, -1, -1, -1, -1, 1, -1, -1, -1, 1, 1, -1, -1, -1, -1, 1, 1, 1, 1, -1, -1, 1, -1, -1, -1, -1, -1, 1, -1, 1]
rek	-1.0	[-1]
recently	0.0	[-1, 1]
covid	-0.6625	[-1, -1, -1, -1, -1, 1, -1, -1, -1, -1, -1, -1, -1, -1, 1, -1, 1, -1, 1, -1, -1, -1, -1, -1, -1, -1, -1, -1, -1, -1, -1, -1, -1, -1, -1, -1, -1, -1, -1, -1, -1, -1, -1, -1, -1, -1, 1, -1, 1, -1, -1, -1, 1, -1, -1, -1, -1, -1, -1, -1, -1, -1, -1, 1, -1, 0, -1, -1, -1, 1, -1, -1, -1, -1, 1, -1, 1, 1, 1, -1]
excuse	-1.0	[-1, -1, -1, -1, -1, -1, -1, -1]
regular	-0.6	[-1, 1, -1, -1, -1]
svc	-1.0	[-1]
outside	-1.0	[-1, -1, -1, -1, -1, -1, -1]
professional	0.8181818181818182	[-1, 1, 1, 1, 1, 1, 1, 1, -1, 1, 1, 1, 1, 1, 1, 1, 1, 1, 1, 1, 1, 1]
good	-0.023809523809523808	[-1, -1, 1, 1, 1, -1, -1, -1, 1, 1, 1, 1, -1, -1, 1, 1, -1, 1, -1, -1, -1, -1, 1, 1, 1, 1, 1, -1, -1, 1, 1, 1, -1, -1, -1, -1, -1, -1, -1, -1, 1, 1, -1, 1, 1, -1, 1, 1, -1, -1, -1, -1, 1, -1, -1, 1, -1, -1, -1, -1, -1, 1, -1, 1, 1, -1, -1, -1, -1, -1, 1, -1, 1, 1, 1, -1, -1, -1, 1, -1, 1, 1, 1, 1, -1, 1, 1, -1, -1, 0, -1, 1, -1, -1, -1, 1, 1, 1, 1, 1, -1, 1, 1, 1, 1, -1, -1, 1, 1, 1, -1, -1, 1, -1, -1, 1, -1, -1, 1, 1, 1, 1, 1, 1, -1, -1]
experience	-0.22424242424242424	[-1, 1, 1, -1, 1, 1, -1, -1, -1, -1, -1, -1, 1, -1, 1, 1, 1, 1, -1, -1, -1, 1, -1, -1, -1, -1, -1, -1, 1, 1, 1, 1, -1, -1, -1, 1, -1, -1, -1, 1, -1, -1, -1, -1, -1, -1, -1, -1, -1, 1, -1, -1, 1, -1, -1, -1, 1, -1, 1, 1, -1, 1, -1, -1, -1, -1, 1, -1, -1, -1, -1, -1, 1, -1, -1, -1, -1, -1, -1, 1, 1, -1, 1, -1, 1, 1, -1, -1, -1, -1, -1, -1, -1, 1, -1, 1, -1, -1, -1, 1, 1, -1, -1, -1, -1, -1, 1, 1, 1, -1, -1, 1, 1, -1, -1, -1, -1, -1, -1, -1, -1, -1, -1, 1, -1, 1, -1, -1, -1, -1, -1, 1, 1, 1, 1, 1, 1, 1, -1, 1, 1, 1, -1, 1, 1, -1, 1, -1, 1, -1, 1, -1, -1, 1, -1, -1, 1, 1, 1, 1, 1, 1, -1, 1, 1]
cleanliness	1.0	[1, 1]
strike	1.0	[1]
organized	-0.2	[1, -1, -1, 1, -1]
fly	-0.37142857142857144	[1, -1, -1, 1, -1, 1, -1, -1, -1, -1, 1, 1, -1, -1, 1, -1, 1, -1, -1, -1, 1, -1, -1, -1, -1, -1, -1, -1, -1, -1, -1, -1, -1, -1, -1, 1, 1, 1, -1, -1, -1, 1, 1, -1, -1, -1, -1, -1, -1, -1, -1, -1, -1, 1, -1, -1, -1, 1, 1, 1, -1, -1, -1, -1, 1, -1, -1, -1, -1, -1, -1, -1, 1, 1, -1, -1, -1, -1, -1, -1, 1, -1, -1, -1, 1, 1, -1, -1, -1, -1, 1, 1, 1, 1, -1, -1, -1, 1, -1, 1, 1, 1, -1, 1, 1]
check	-0.7626459143968871	[-1, -1, -1, -1, -1, -1, -1, -1, -1, -1, -1, -1, -1, -1, -1, 1, -1, -1, 1, -1, -1, -1, -1, -1, -1, -1, -1, -1, -1, -1, -1, -1, -1, -1, -1, -1, -1, -1, -1, -1, 1, -1, 1, -1, -1, -1, -1, -1, -1, 1, -1, -1, -1, -1, -1, -1, -1, -1, -1, -1, -1, -1, -1, -1, -1, -1, -1, 1, -1, -1, -1, -1, -1, -1, -1, -1, 1, 1, -1, -1, -1, -1, -1, -1, -1, -1, -1, -1, -1, -1, 1, -1, -1, -1, -1, -1, -1, -1, -1, -1, -1, -1, -1, -1, -1, -1, -1, -1, -1, -1, -1, -1, -1, 1, 1, -1, -1, -1, -1, -1, 1, 1, -1, -1, -1, -1, -1, -1, -1, -1, -1, -1, -1, -1, -1, -1, -1, -1, -1, 1, -1, -1, -1, -1, -1, 1, -1, -1, -1, 1, 1, -1, -1, -1, -1, -1, -1, -1, -1, -1, -1, -1, -1, 1, -1, -1, -1, -1, -1, 1, -1, -1, -1, -1, -1, -1, -1, -1, -1, -1, -1, -1, -1, -1, -1, -1, -1, -1, -1, -1, -1, -1, -1, -1, -1, -1, -1, -1, -1, -1, -1, -1, -1, -1, -1, -1, -1, -1, -1, -1, -1, -1, 1, 0, -1, -1, 0, 0, -1, 1, -1, -1, -1, -1, -1, -1, 1, 1, -1, 1, -1, -1, -1, -1, -1, -1, -1, -1, -1, -1, -1, -1, -1, 1, 1, -1, -1, -1, 1, -1, -1, -1, -1, 1, -1, -1, 1]
bad	-0.8867924528301887	[-1, -1, -1, -1, -1, -1, -1, -1, -1, -1, -1, -1, -1, -1, -1, -1, -1, -1, -1, -1, -1, -1, 1, -1, -1, -1, -1, -1, -1, -1, -1, -1, -1, -1, -1, -1, -1, -1, -1, -1, -1, -1, -1, 1, -1, -1, -1, -1, -1, -1, -1, -1, 1]
mood	0.0	[-1, 1]
unfriendly	-1.0	[-1, -1, -1, -1, -1]
upgrade	-0.75	[-1, -1, -1, -1, -1, -1, 1, -1, -1, -1, -1, -1, -1, -1, -1, 1, -1, -1, -1, -1, -1, -1, -1, 1]
available	-1.0	[-1, -1, -1, -1, -1, -1, -1, -1, -1, -1, -1, -1, -1, -1, -1, -1, -1, -1, -1, -1, -1, -1, -1, -1, -1, -1, -1, -1, -1, -1, -1, -1, -1, -1]
inspire	-0.3333333333333333	[-1, 1, -1]
information	-0.7419354838709677	[-1, -1, -1, -1, -1, -1, -1, -1, -1, -1, -1, -1, 1, -1, -1, -1, -1, -1, -1, 1, 1, -1, -1, 0, 0, -1, -1, -1, -1, -1, -1]
service	-0.38461538461538464	[-1, -1, -1, -1, -1, -1, -1, -1, 1, -1, -1, -1, -1, -1, -1, 1, -1, -1, 1, 1, -1, 1, -1, -1, -1, 1, 1, -1, -1, 1, -1, 1, -1, -1, 1, -1, -1, -1, -1, 1, -1, -1, -1, -1, 1, 1, -1, -1, -1, -1, -1, -1, -1, 1, 1, -1, -1, 1, 1, 1, -1, 1, -1, -1, -1, 1, -1, -1, -1, -1, 1, -1, -1, -1, -1, -1, -1, 1, -1, -1, -1, -1, 1, -1, -1, -1, 1, -1, 1, 1, -1, -1, 1, -1, -1, -1, -1, -1, -1, -1, 1, -1, -1, -1, -1, -1, -1, 1, 1, -1, -1, -1, -1, -1, -1, -1, 0, 0, -1, -1, -1, -1, -1, 1, -1, 1, 1, 1, 1, -1, 1, -1, 1, -1, -1, -1, 1, -1, -1, -1, -1, -1, -1, -1, -1, 1, 1, 1, 1, -1, 1, 1, -1, 1, 1, 1]
center	-1.0	[-1, -1, -1, -1, -1, -1, -1, -1, -1]
young	-1.0	[-1, -1, -1, -1, -1, -1]
man	-1.0	[-1, -1, -1]
tell	-0.9310344827586207	[-1, -1, -1, -1, -1, -1, -1, -1, -1, -1, -1, -1, -1, -1, -1, -1, -1, -1, -1, -1, -1, -1, -1, -1, -1, -1, -1, -1, -1, -1, -1, -1, -1, -1, -1, -1, -1, -1, -1, -1, -1, -1, -1, -1, -1, -1, 0, -1, 0, 1, -1, -1, -1, -1, -1, -1, -1, -1]
child	-0.5652173913043478	[-1, 1, -1, -1, -1, -1, -1, -1, 1, -1, -1, -1, 1, -1, -1, -1, -1, -1, -1, -1, 1, 1, -1]
handle	-0.8666666666666667	[-1, -1, -1, -1, -1, -1, -1, -1, -1, -1, -1, -1, 1, -1, -1]
payment	-1.0	[-1, -1, -1, -1]
multi	-1.0	[-1]
astonish	-1.0	[-1]
complain	-1.0	[-1]
time	-0.5934065934065934	[-1, -1, -1, -1, -1, 1, -1, 1, -1, -1, -1, -1, -1, -1, -1, -1, -1, 1, 1, 1, -1, 1, -1, 1, -1, -1, -1, -1, -1, 1, -1, -1, -1, -1, -1, -1, -1, -1, -1, -1, -1, -1, -1, -1, -1, -1, -1, -1, -1, -1, -1, -1, -1, -1, -1, -1, -1, 1, 1, -1, -1, -1, -1, -1, -1, -1, -1, -1, -1, -1, -1, -1, -1, -1, -1, -1, -1, 1, -1, -1, 0, -1, 1, 1, -1, -1, -1, 1, 1, -1, 1, -1, -1, -1, 1, 1, 1, -1, -1, -1, -1, -1, -1, -1, -1, -1, -1, -1, -1, -1, -1, -1, -1, 1, 1, -1, -1, -1, -1, -1, 1, -1, -1, -1, -1, 1, -1, -1, -1, -1, -1, -1, -1, -1, -1, -1, -1, -1, 1, -1, 0, -1, -1, -1, -1, -1, -1, 1, -1, 1, 1, 1, -1, -1, 1, -1, -1, -1, -1, -1, -1, 1, -1, -1, -1, -1, -1, 1, -1, 1, -1, -1, -1, -1, -1, -1, 1, 1, -1, -1, 1, 1]
business	-0.7	[-1, -1, -1, -1, -1, -1, 1, -1, -1, -1, -1, -1, -1, 1, -1, -1, -1, -1, -1, -1, 1, -1, -1, 1, 1, -1, -1, -1, -1, -1, -1, -1, -1, -1, 1, -1, -1, -1, -1, -1]
person	-0.5789473684210527	[-1, -1, -1, -1, -1, -1, -1, -1, -1, -1, -1, -1, -1, -1, 1, 1, -1, 1, 1]
kind	0.6190476190476191	[1, 1, 1, 1, 1, -1, 1, -1, 1, 1, 1, -1, 1, 1, 1, 1, -1, 1, 1, 1, 1]
daughter	0.0	[1, -1, -1, -1, 1, 1, -1, 1]
wonderful	0.5555555555555556	[1, 1, 1, -1, -1, 1, 1, 1, 1, 1, -1, 1, 1, 1, 1, 1, -1, 1]
thank	0.5161290322580645	[1, 1, 1, 1, 1, 1, 1, 1, 1, 1, 1, 1, -1, 1, 1, 0, -1, -1, -1, -1, 1, 1, 1, -1, 1, 1, 1, 1, 1, -1, 1, 1, 1, 1, 1, 1, -1, -1, 1, 1, -1, -1, -1, 1, -1, 1, 1, 1, 1, 1, 1, 1, 0, 1, 1, 1, 1, 1, -1, 1, 1, 1]
agent	-0.6111111111111112	[-1, -1, -1, -1, -1, -1, 1, -1, -1, -1, -1, 1, -1, -1, 1, -1, -1, -1, -1, -1, -1, -1, -1, -1, -1, -1, -1, -1, -1, -1, -1, -1, 1, 1, 1, 1]
rude	-1.0	[-1, -1, -1, -1, -1, -1, -1, -1, -1, -1, -1, -1, -1, -1]
claim	-1.0	[-1, -1, -1, -1, -1, -1, -1, -1, -1]
carry	-0.6190476190476191	[-1, -1, -1, -1, -1, -1, -1, -1, 1, -1, -1, -1, -1, 1, -1, -1, -1, -1, -1, 1, 1]
large	-1.0	[-1, -1, -1, -1, -1, -1, -1, -1]
size	-0.25	[-1, -1, -1, -1, -1, 1, 1, 1]
bag	-0.946236559139785	[-1, -1, -1, -1, -1, -1, -1, -1, -1, -1, -1, -1, -1, 1, -1, -1, -1, -1, -1, -1, -1, -1, -1, -1, -1, -1, -1, -1, -1, -1, -1, -1, -1, -1, -1, -1, -1, 1, -1, -1, -1, -1, -1, -1, -1, -1, -1, -1, -1, -1, -1, -1, -1, -1, -1, -1, -1, -1, -1, -1, -1, -1, -1, -1, -1, -1, -1, -1, -1, -1, -1, -1, -1, -1, -1, -1, -1, -1, 0, -1, -1, -1, -1, -1, -1, -1, -1, -1, -1, -1, -1, -1, -1]
able	-0.6666666666666666	[-1, -1, -1, -1, -1, -1, -1, -1, -1, 1, -1, -1, -1, -1, -1, -1, -1, -1, -1, -1, -1, -1, -1, -1, -1, 1, 1, 1, 1, -1]
theirs	-1.0	[-1]
lounge	-0.8666666666666667	[-1, -1, -1, -1, -1, -1, 1, -1, -1, -1, -1, -1, -1, -1, -1, -1, -1, -1, -1, -1, -1, -1, -1, -1, -1, -1, -1, 1, -1, -1]
staff	0.0	[-1, 1, -1, 1, 1, -1, -1, -1, -1, -1, -1, -1, 1, -1, 1, -1, -1, 1, 1, -1, -1, 1, -1, -1, -1, -1, -1, -1, 1, -1, 1, -1, 1, 1, 1, -1, 1, 1, 1, 1, -1, -1, -1, -1, -1, 1, 1, -1, -1, 1, 1, 1, 1, -1, -1, 1, 1, 1, 1, 1, 1, 1, 1, -1, -1, -1, 1, 1, -1, -1, 1, -1, -1, 1, 1, 1, -1, 1, -1, 1, -1, -1, 1, 1, 1, 1, 1, 1, -1, 1, 1, -1, -1, -1, -1, 1, -1, -1, -1, -1, -1, 1, 1, 1, 1, 1, -1, 1, 1, -1, -1, 1]
allergen	-1.0	[-1]
well	-0.7931034482758621	[-1, -1, -1, -1, -1, 1, -1, -1, -1, -1, -1, -1, -1, -1, 1, -1, -1, -1, -1, -1, -1, -1, -1, -1, -1, -1, -1, -1, 1, -1, -1, -1, -1, -1, -1, -1, -1, 1, -1, -1, -1, -1, -1, -1, -1, -1, -1, 1, -1, -1, -1, -1, -1, -1, 1, -1, -1, -1]
train	-1.0	[-1, -1, -1, -1, -1]
shoukd	-1.0	[-1]
simply	-1.0	[-1, -1, -1, -1]
label	-1.0	[-1, -1]
restaurants	-1.0	[-1]
open	-1.0	[-1, -1, -1, -1, -1, -1, -1, -1, -1, -1, -1, -1, -1, -1, -1, -1, -1, -1, -1, -1, -1, -1, -1, -1, -1, -1, -1, -1, -1, -1, -1]
nice	-0.21621621621621623	[-1, -1, -1, 1, -1, -1, 1, -1, -1, 1, 1, -1, -1, -1, -1, 1, 1, -1, -1, 1, -1, -1, -1, -1, -1, -1, 1, 1, 1, 0, -1, 1, -1, 1, -1, 1, 1]
change	-0.7872340425531915	[-1, -1, -1, -1, 1, -1, -1, -1, -1, -1, -1, 1, -1, -1, -1, -1, -1, -1, -1, -1, -1, -1, -1, -1, -1, -1, -1, -1, -1, -1, -1, -1, -1, -1, -1, 1, -1, 1, 1, -1, -1, -1, -1, -1, -1, -1, 1, -1, -1, -1, -1, -1, -1, -1, -1, -1, -1, -1, -1, -1, -1, -1, -1, 1, -1, -1, -1, -1, -1, -1, -1, -1, -1, -1, -1, -1, -1, -1, -1, 1, -1, -1, -1, -1, -1, -1, -1, -1, 1, -1, -1, 1, -1, -1]
desk	-0.7222222222222222	[-1, -1, -1, -1, 1, -1, -1, -1, -1, -1, -1, 1, -1, -1, -1, -1, -1, -1, -1, -1, 1, -1, -1, -1, -1, -1, -1, -1, -1, -1, -1, -1, 1, -1, -1, 1]
useful	0.0	[-1, 1]
reykjavik	0.0	[-1, 1]
loung	-1.0	[-1]
bit	-0.9	[-1, -1, -1, -1, -1, -1, -1, -1, -1, -1, -1, -1, -1, -1, -1, 1, -1, -1, -1, -1]
boring	-1.0	[-1]
comment	-0.7142857142857143	[-1, -1, -1, -1, -1, -1, 1]
wish	-0.8571428571428571	[-1, -1, -1, -1, -1, -1, 1, -1, -1, -1, -1, -1, -1, -1]
effecient	-1.0	[-1]
forget	-0.3333333333333333	[1, -1, -1, -1, -1, 1]
gentle	1.0	[1]
spite	1.0	[1, 1]
illness	1.0	[1]
join	-1.0	[-1, -1, -1, -1, -1, -1]
form	-0.8	[-1, -1, -1, -1, -1, -1, 1, -1, -1, -1]
painfully	0.0	[-1, 1]
slow	-1.0	[-1, -1, -1, -1, -1, -1, -1, -1, -1, -1, -1, -1, -1, -1]
think	-0.7619047619047619	[-1, -1, -1, -1, -1, -1, -1, -1, -1, -1, -1, -1, -1, -1, -1, -1, -1, -1, -1, -1, -1, -1, -1, -1, 1, -1, 1, -1, -1, -1, -1, 1, -1, -1, -1, 1, -1, -1, -1, -1, -1, 1]
run	-1.0	[-1, -1, -1, -1, -1, -1, -1, -1, -1, -1, -1, -1, -1, -1, -1, -1]
gate	-0.7808219178082192	[-1, -1, -1, -1, -1, -1, -1, -1, -1, -1, -1, -1, -1, -1, -1, -1, -1, -1, -1, -1, -1, -1, -1, -1, 1, -1, -1, -1, -1, -1, -1, -1, -1, -1, -1, -1, -1, -1, -1, -1, -1, -1, -1, 1, -1, 1, -1, -1, -1, -1, -1, -1, -1, -1, -1, -1, -1, -1, -1, -1, 1, -1, -1, -1, -1, -1, 1, -1, -1, -1, 1, 1, 1]
feel	-0.631578947368421	[-1, -1, -1, -1, -1, -1, -1, -1, -1, -1, -1, -1, -1, -1, -1, -1, -1, -1, -1, -1, -1, -1, -1, -1, -1, -1, 1, -1, -1, 1, -1, 1, 1, 1, 1, 1, -1, -1]
stress	-0.2	[-1, -1, -1, -1, -1, 1, -1, 1, 1, 1]
extreme	-0.3333333333333333	[1, 1, -1, -1, -1, -1]
weather	-0.2222222222222222	[1, -1, 1, 1, 1, -1, -1, 1, 1, -1, -1, -1, -1, -1, -1, -1, 1, -1]
condition	0.0	[1, 1, -1, -1]
super	0.2	[1, -1, 1, -1, -1, -1, 1, 1, 1, 1]
pilot	-0.14285714285714285	[1, 1, -1, -1, -1, -1, 1, 1, -1, 1, 1, -1, -1, -1]
problem	-0.76	[-1, -1, -1, -1, -1, -1, -1, -1, -1, -1, -1, -1, 1, -1, -1, -1, -1, 1, -1, -1, 1, -1, -1, -1, -1]
land	-0.7333333333333333	[-1, 1, -1, -1, -1, -1, -1, -1, -1, -1, -1, 1, -1, -1, -1]
connect	-0.7142857142857143	[-1, -1, -1, -1, -1, -1, -1, 1, -1, -1, -1, 1, -1, -1, -1, -1, -1, -1, -1, 1, -1]
delay	-0.7741935483870968	[-1, -1, -1, -1, -1, -1, -1, -1, 1, -1, -1, -1, -1, -1, -1, -1, -1, -1, -1, -1, -1, -1, -1, -1, -1, 1, -1, -1, 1, -1, -1, -1, -1, 1, -1, -1, -1, -1, -1, -1, -1, -1, -1, -1, -1, -1, -1, -1, -1, 1, 1, -1, 1, -1, -1, -1, -1, -1, -1, -1, -1, -1]
leave	-0.8205128205128205	[-1, -1, -1, -1, -1, -1, -1, -1, -1, -1, -1, -1, -1, -1, -1, -1, -1, -1, -1, -1, -1, 1, -1, -1, -1, -1, 0, -1, 1, -1, -1, -1, -1, -1, -1, -1, -1, 1, -1]
scramble	-1.0	[-1]
see	-0.4	[-1, -1, -1, -1, 1, -1, 1, -1, -1, 1]
outbound	-1.0	[-1, -1, -1, -1, -1, -1, -1, -1]
give	-0.7727272727272727	[-1, -1, -1, -1, -1, -1, -1, -1, -1, -1, -1, -1, -1, -1, -1, -1, -1, -1, -1, -1, -1, -1, -1, -1, -1, 1, 1, 1, -1, -1, -1, -1, -1, -1, -1, -1, -1, -1, 1, -1, -1, -1, 1, -1]
precheck	-1.0	[-1, -1]
ensure	-0.6666666666666666	[-1, -1, -1, -1, 1, -1]
provide	-0.8620689655172413	[-1, -1, -1, -1, -1, -1, -1, -1, -1, -1, -1, -1, -1, -1, -1, -1, -1, -1, -1, 1, -1, -1, -1, -1, -1, -1, -1, -1, 1]
list	-1.0	[-1, -1, -1, -1]
electronic	-1.0	[-1, -1]
checkin	-0.7333333333333333	[-1, -1, -1, -1, -1, -1, 1, -1, -1, -1, -1, -1, 1, -1, -1]
late	-0.8095238095238095	[-1, -1, -1, -1, -1, -1, -1, -1, -1, -1, -1, -1, 1, 1, 1, -1, -1, -1, -1, -1, -1, -1, -1, -1, -1, -1, -1, 1, -1, -1, -1, -1, -1, -1, -1, -1, -1, -1, -1, -1, -1, -1]
return	-0.7419354838709677	[-1, -1, -1, -1, -1, -1, -1, -1, -1, -1, -1, -1, -1, -1, -1, -1, -1, -1, -1, -1, -1, -1, -1, -1, -1, -1, -1, -1, -1, -1, -1, 1, -1, -1, -1, 1, -1, -1, -1, -1, 1, -1, -1, -1, -1, -1, -1, -1, -1, 1, -1, -1, -1, -1, 1, 1, 1, -1, -1, -1, 1, -1]
unable	-1.0	[-1, -1, -1, -1, -1, -1, -1, -1, -1, -1, -1, -1]
test	-0.775	[-1, -1, -1, -1, -1, -1, -1, -1, -1, -1, -1, -1, -1, -1, -1, -1, -1, -1, -1, -1, -1, 1, -1, -1, -1, -1, -1, -1, -1, -1, 1, 0, -1, -1, 1, -1, -1, -1, 1, -1]
call	-1.0	[-1, -1, -1, -1, -1, -1, -1, -1, -1, -1, -1, -1, -1, -1, -1, -1, -1]
cancel	-0.75	[-1, -1, 1, 1, -1, -1, -1, -1, -1, -1, -1, -1, -1, -1, -1, -1, 1, -1, -1, -1, -1, -1, -1, -1, -1, -1, -1, -1, -1, -1, -1, -1, -1, -1, -1, -1, -1, 1, -1, 1]
rebook	-1.0	[-1, -1, -1, -1, -1, -1, -1, -1, -1, -1]
customer	-0.9024390243902439	[-1, -1, -1, 1, -1, -1, -1, -1, -1, -1, -1, -1, -1, -1, -1, -1, -1, -1, -1, -1, -1, -1, -1, -1, -1, -1, -1, -1, -1, -1, -1, -1, -1, -1, -1, -1, -1, 1, -1, -1, -1]
rep	-1.0	[-1, -1, -1]
hrs	-1.0	[-1, -1, -1]
lose	-0.8666666666666667	[-1, -1, -1, -1, -1, 1, -1, -1, -1, -1, -1, -1, -1, -1, -1, -1, -1, -1, -1, -1, -1, -1, -1, -1, -1, -1, -1, -1, -1, 1]
credit	-0.5	[-1, 1, -1, 1, -1, -1, -1, -1]
charge	-0.8974358974358975	[-1, -1, -1, -1, -1, -1, -1, -1, -1, -1, -1, -1, -1, -1, -1, -1, -1, 1, -1, 1, -1, -1, -1, -1, -1, -1, -1, -1, -1, -1, -1, -1, -1, -1, -1, -1, -1, -1, -1]
happen	-0.6	[-1, -1, 1, -1, -1, -1, 1, -1, -1, -1]
option	-0.6285714285714286	[-1, -1, -1, -1, -1, -1, -1, -1, -1, -1, -1, -1, -1, -1, -1, -1, -1, -1, -1, 0, -1, -1, -1, -1, -1, -1, -1, 1, 1, -1, -1, 1, 1, 1, 1]
voucher	-1.0	[-1, -1]
want	-0.9047619047619048	[-1, -1, -1, -1, -1, -1, -1, 1, -1, -1, -1, -1, -1, -1, -1, -1, -1, -1, -1, -1, -1]
current	-1.0	[-1, -1, -1, -1, -1]
ticket	-0.8297872340425532	[-1, -1, -1, -1, -1, -1, -1, -1, -1, -1, -1, -1, -1, -1, -1, -1, -1, -1, -1, -1, 1, -1, -1, 1, -1, -1, -1, -1, -1, -1, -1, -1, -1, -1, -1, -1, -1, -1, -1, 1, -1, -1, 1, -1, -1, -1, -1]
price	-0.7777777777777778	[-1, -1, -1, -1, -1, -1, -1, -1, -1, -1, 1, -1, -1, -1, -1, -1, -1, -1, -1, -1, -1, -1, -1, 1, -1, 1, -1]
baggage	-0.9512195121951219	[-1, -1, -1, -1, -1, -1, -1, -1, -1, -1, -1, -1, -1, -1, -1, -1, -1, -1, -1, -1, -1, -1, -1, -1, -1, -1, -1, -1, -1, -1, -1, -1, -1, -1, -1, -1, -1, -1, -1, -1, 1]
fee	-1.0	[-1, -1, -1, -1, -1, -1, -1, -1, -1, -1, -1, -1, -1, -1, -1, -1]
pay	-0.896551724137931	[-1, -1, -1, -1, -1, -1, -1, -1, -1, -1, -1, -1, -1, -1, -1, -1, -1, -1, -1, -1, -1, -1, -1, -1, -1, -1, -1, -1, -1, -1, -1, -1, -1, -1, -1, -1, -1, -1, -1, -1, -1, -1, -1, -1, -1, 1, -1, -1, -1, -1, -1, -1, -1, -1, -1, -1, -1, -1, -1, -1, -1, -1, -1, -1, -1, -1, -1, 0, -1, -1, -1, -1, -1, 1, -1, -1, -1, -1, -1, -1, -1, 1, -1, -1, -1, -1, 1]
newly	-1.0	[-1, -1]
purchase	-1.0	[-1, -1, -1, -1, -1, -1, -1, -1, -1, -1, -1, -1, -1, -1, -1, -1, -1, -1, -1, -1, -1, -1, -1]
refund	-0.9090909090909091	[-1, -1, -1, -1, -1, -1, -1, -1, -1, -1, -1, -1, -1, -1, -1, -1, -1, -1, -1, -1, -1, 1]
unflown	-1.0	[-1]
try	-0.8571428571428571	[-1, -1, -1, -1, -1, -1, -1, -1, -1, -1, -1, -1, -1, -1, -1, -1, -1, -1, -1, -1, -1, -1, -1, -1, -1, 1, 1, -1]
disconnect	-1.0	[-1, -1, -1]
hang	-1.0	[-1, -1]
multiple	-0.7777777777777778	[-1, -1, -1, -1, -1, 1, -1, -1, -1]
plane	-0.7638888888888888	[1, -1, -1, -1, -1, -1, -1, -1, -1, -1, 1, 1, -1, -1, -1, -1, -1, -1, -1, -1, -1, -1, -1, -1, -1, -1, -1, -1, -1, -1, -1, -1, -1, -1, -1, -1, -1, -1, -1, -1, -1, -1, -1, -1, -1, -1, -1, -1, -1, -1, -1, -1, 1, -1, -1, -1, -1, -1, 1, -1, -1, 1, 1, -1, -1, -1, -1, -1, -1, -1, -1, -1, -1, -1, -1, -1, -1, -1, -1, 1, -1, -1, -1, -1, -1, -1, -1, -1, -1, -1, -1, -1, -1, -1, -1, -1, -1, -1, -1, -1, -1, -1, -1, -1, -1, -1, -1, -1, 1, -1, -1, -1, -1, -1, 1, 1, 1, 1, -1, -1, 1, 1, -1, -1, -1, -1, -1, -1, -1, -1, -1, -1, -1, -1, 1, -1, -1, -1, -1, 1, -1, -1, -1, -1]
way	-0.6206896551724138	[1, 1, -1, -1, -1, -1, -1, -1, -1, -1, 1, -1, -1, -1, -1, -1, 1, -1, -1, -1, -1, -1, -1, -1, -1, -1, 1, 1, -1, -1, -1, -1, -1, -1, -1, -1, -1, 1, -1, -1, 1, -1, -1, -1, -1, -1, -1, -1, 1, 1, -1, -1, 1, -1, -1, -1, -1, -1]
comfortable	-0.03225806451612903	[1, -1, 1, 1, 1, -1, 1, -1, -1, -1, 1, 1, 1, -1, -1, -1, -1, -1, -1, -1, 1, -1, 1, 1, 1, 1, -1, -1, 1, 1, -1]
enjoyed	1.0	[1]
have	-0.8666666666666667	[1, -1, -1, -1, -1, -1, -1, -1, -1, -1, -1, -1, -1, -1, -1, -1, -1, -1, -1, -1, -1, -1, -1, -1, -1, -1, -1, 1, -1, -1]
pillow	-0.5	[1, -1, -1, -1]
truly	0.2	[1, -1, -1, 1, 1]
lovely	0.0	[1, 1, -1, 1, -1, 1, -1, -1]
book	-0.8095238095238095	[1, -1, -1, -1, -1, -1, -1, -1, -1, -1, -1, -1, -1, -1, -1, 1, -1, -1, -1, -1, -1, -1, -1, 1, -1, 1, -1, -1, -1, -1, -1, -1, -1, -1, -1, -1, -1, -1, -1, -1, -1, -1]
care	-0.06666666666666667	[1, -1, 1, 1, -1, -1, -1, 1, 1, -1, -1, -1, 1, 1, -1]
move	-0.5555555555555556	[-1, -1, -1, 1, 1, -1, -1, -1, -1, -1, -1, -1, 1, -1, -1, -1, 1, -1]
original	-1.0	[-1, -1, -1, -1, -1, -1, -1, -1, -1, -1, -1]
mean	-0.875	[-1, -1, -1, -1, -1, 1, -1, -1, -1, -1, -1, -1, -1, -1, -1, -1]
passport	-0.8181818181818182	[-1, -1, -1, -1, -1, -1, -1, -1, -1, -1, -1, -1, -1, -1, -1, -1, -1, 1, 1, -1, -1, -1]
control	-0.7142857142857143	[-1, -1, -1, -1, -1, -1, -1, -1, -1, -1, -1, -1, 1, -1, -1, -1, -1, -1, 1, 1, -1, -1, 1, -1, -1, -1, -1, -1]
massive	-1.0	[-1, -1, -1]
line	-0.9032258064516129	[-1, -1, -1, -1, -1, -1, -1, -1, -1, -1, -1, -1, -1, -1, -1, -1, 1, -1, -1, -1, -1, -1, -1, -1, -1, -1, -1, -1, -1, -1, -1, -1, -1, -1, -1, -1, -1, -1, -1, -1, -1, -1, -1, -1, -1, -1, -1, -1, 1, -1, -1, -1, -1, -1, -1, 1, -1, -1, -1, -1, -1, -1]
international	-1.0	[-1, -1, -1, -1, -1, -1, -1, -1, -1, -1, -1, -1, -1, -1, -1, -1, -1, -1, -1]
departure	-0.8823529411764706	[-1, -1, -1, -1, -1, -1, -1, -1, -1, -1, -1, -1, -1, -1, -1, -1, -1, -1, -1, -1, -1, -1, 1, -1, -1, -1, -1, -1, -1, 1, -1, -1, -1, -1]
wait	-0.8117647058823529	[-1, 1, -1, -1, -1, -1, -1, -1, -1, -1, -1, -1, -1, -1, -1, -1, -1, -1, -1, -1, -1, -1, -1, -1, -1, -1, -1, -1, -1, -1, -1, -1, -1, -1, -1, 1, -1, -1, -1, -1, -1, -1, 1, 1, -1, -1, -1, -1, -1, -1, 1, -1, -1, -1, -1, -1, -1, -1, -1, -1, -1, -1, -1, -1, -1, -1, -1, 1, -1, -1, -1, -1, -1, -1, -1, -1, -1, -1, -1, -1, 1, -1, -1, 1, -1]
glass	-1.0	[-1, -1, -1, -1, -1]
room	-0.9393939393939394	[-1, -1, -1, -1, -1, -1, -1, -1, -1, -1, -1, -1, -1, -1, -1, -1, -1, -1, -1, -1, -1, -1, -1, -1, -1, -1, -1, -1, -1, -1, -1, -1, 1]
look	-0.42857142857142855	[-1, -1, 1, -1, -1, -1, -1, -1, -1, -1, -1, -1, -1, -1, 1, 1, -1, -1, 1, 1, 1]
door	-0.6	[-1, -1, -1, -1, 1, -1, -1, -1, -1, 1]
blow	-1.0	[-1, -1, -1, -1, -1, -1]
bus	-0.8333333333333334	[-1, -1, -1, -1, -1, -1, -1, -1, -1, 1, -1, -1, -1, -1, -1, -1, -1, -1, -1, -1, -1, 1, -1, -1]
min	-0.9047619047619048	[-1, -1, -1, -1, -1, -1, -1, -1, -1, -1, -1, -1, -1, -1, -1, 1, -1, -1, -1, -1, -1]
pull	-1.0	[-1, -1, -1, -1, -1, -1]
load	-1.0	[-1, -1, -1, -1, -1, -1]
literally	-0.6	[-1, 1, -1, -1, -1]
struggle	-1.0	[-1, -1, -1, -1]
stair	-1.0	[-1, -1, -1, -1]
stairwell	-1.0	[-1]
cover	-1.0	[-1, -1, -1, -1, -1, -1]
wind	-0.3333333333333333	[-1, -1, 1, 1, -1, -1]
nearly	-1.0	[-1, -1, -1, -1, -1, -1, -1]
luggage	-0.8305084745762712	[-1, -1, -1, -1, -1, -1, -1, -1, -1, -1, -1, -1, -1, -1, -1, -1, -1, -1, -1, -1, -1, 1, -1, -1, -1, -1, -1, -1, -1, -1, -1, -1, -1, -1, -1, -1, -1, -1, -1, -1, -1, -1, 0, 0, -1, -1, -1, -1, -1, 1, -1, -1, -1, -1, -1, -1, -1, 1, 1]
airport	-0.7152317880794702	[-1, -1, -1, -1, -1, -1, -1, -1, 1, -1, 1, 1, -1, -1, -1, -1, -1, -1, -1, -1, -1, -1, -1, -1, -1, -1, -1, -1, -1, -1, -1, -1, -1, -1, -1, -1, -1, -1, -1, -1, 1, -1, -1, -1, -1, -1, -1, -1, -1, -1, -1, -1, -1, -1, -1, -1, -1, -1, -1, -1, -1, -1, -1, -1, -1, -1, -1, -1, -1, -1, 1, 1, -1, -1, -1, -1, -1, -1, 1, -1, -1, -1, 1, 1, 1, -1, -1, -1, -1, -1, -1, -1, -1, -1, -1, -1, -1, -1, -1, -1, 1, -1, -1, -1, -1, -1, -1, -1, -1, 0, -1, -1, -1, -1, -1, -1, 1, -1, 1, 1, -1, 1, 1, -1, -1, 1, -1, -1, -1, -1, -1, 1, -1, -1, -1, -1, -1, -1, -1, -1, -1, -1, -1, -1, 1, -1, -1, 1, 1, -1, -1]
apron	-1.0	[-1]
end	-0.8709677419354839	[-1, -1, -1, -1, -1, 1, -1, -1, -1, -1, -1, -1, -1, -1, -1, -1, -1, -1, -1, -1, -1, -1, -1, -1, -1, -1, -1, -1, -1, 1, -1]
result	-0.6842105263157895	[-1, -1, -1, -1, -1, -1, -1, -1, -1, -1, -1, -1, -1, -1, 1, 1, 1, -1, -1]
hour	-1.0	[-1, -1, -1, -1, -1, -1, -1, -1, -1, -1, -1, -1, -1]
leaving	-1.0	[-1]
definitely	0.0	[1, 1, 1, -1, -1, -1, -1, 1]
icelandic	-0.4444444444444444	[1, -1, -1, 1, -1, -1, -1, -1, -1, -1, -1, 1, -1, 1, 1, -1, -1, -1]
stop	-0.3333333333333333	[1, -1, -1, -1, -1, -1, 1, 1, -1]
light	-0.3333333333333333	[1, -1, -1, -1, -1, -1, -1, -1, -1, 1, 1, 1]
remember	-0.3333333333333333	[1, -1, -1]
bring	-0.8	[1, -1, -1, -1, -1, -1, -1, -1, -1, -1]
eye	0.0	[1, -1]
covering	1.0	[1]
will	-0.8181818181818182	[1, -1, -1, -1, -1, -1, -1, -1, -1, -1, -1]
watch	-0.6666666666666666	[1, -1, 1, -1, -1, -1, -1, -1, -1, -1, -1, -1]
rewatche	1.0	[1]
duel	1.0	[1]
rape	1.0	[1]
porn	1.0	[1]
transition	-1.0	[-1]
near	-1.0	[-1, -1, -1, -1]
escalator	-1.0	[-1, -1, -1, -1, -1]
cause	-0.7647058823529411	[-1, -1, -1, -1, -1, -1, -1, 1, -1, 1, -1, -1, -1, -1, -1, -1, -1]
ugly	-1.0	[-1]
scene	-1.0	[-1]
planing	-1.0	[-1]
new	-0.8095238095238095	[-1, -1, -1, -1, -1, -1, -1, -1, -1, -1, -1, -1, -1, 1, -1, -1, -1, -1, 1, -1, -1]
excessive	-1.0	[-1]
especially	-0.5714285714285714	[-1, 1, -1, -1, -1, -1, -1, -1, -1, 1, -1, -1, -1, 1, -1, -1, 1, 0, -1, -1, -1]
cince	-1.0	[-1]
layover	-0.2857142857142857	[-1, -1, -1, -1, -1, 1, -1, -1, 1, 1, -1, -1, 1, 1]
short	-0.5384615384615384	[-1, -1, -1, -1, -1, -1, -1, 1, -1, 1, -1, -1, 1]
climb	0.0	[-1, 1]
exterior	-1.0	[-1]
aircraft	-0.6666666666666666	[-1, -1, -1, -1, -1, -1, 1, -1, -1, -1, 1, -1]
middle	-1.0	[-1, -1, -1, -1, -1, -1, -1, -1]
night	-0.8	[-1, -1, -1, 1, -1, -1, -1, -1, -1, -1]
arctic	-1.0	[-1]
winter	-1.0	[-1]
advance	-0.7142857142857143	[-1, -1, -1, -1, -1, -1, 1]
warning	-1.0	[-1, -1]
can	-0.5294117647058824	[1, 1, -1, -1, -1, -1, 1, 1, -1, -1, -1, -1, -1, -1, -1, -1, -1]
fault	-0.8333333333333334	[1, -1, -1, -1, -1, -1, -1, -1, -1, -1, -1, -1]
safely	1.0	[1, 1]
headrest	-1.0	[-1, -1, -1, -1, -1]
seat	-0.8504672897196262	[-1, -1, -1, -1, -1, -1, -1, -1, -1, -1, -1, -1, -1, -1, -1, -1, -1, -1, -1, -1, -1, -1, -1, -1, -1, -1, -1, -1, -1, -1, -1, -1, -1, -1, -1, -1, -1, -1, -1, -1, -1, -1, -1, -1, -1, -1, -1, -1, -1, -1, -1, -1, -1, -1, -1, -1, -1, -1, -1, -1, -1, -1, -1, -1, -1, 1, -1, -1, -1, -1, -1, 1, -1, -1, -1, -1, -1, 1, -1, -1, -1, -1, -1, 1, -1, -1, -1, -1, -1, -1, -1, -1, -1, -1, -1, -1, -1, -1, -1, -1, -1, -1, -1, -1, -1, -1, -1, -1, -1, -1, -1, -1, -1, -1, -1, -1, -1, -1, -1, -1, -1, -1, 1, -1, -1, -1, -1, -1, -1, -1, -1, -1, -1, -1, -1, -1, -1, -1, -1, -1, -1, -1, -1, -1, -1, -1, -1, -1, -1, -1, -1, -1, -1, -1, -1, -1, -1, -1, -1, -1, -1, -1, 1, -1, 1, -1, -1, -1, -1, -1, 1, -1, -1, -1, -1, -1, -1, -1, -1, -1, -1, -1, -1, -1, -1, -1, -1, 1, -1, -1, -1, -1, -1, 1, -1, -1, -1, -1, -1, 1, -1, -1, -1, 1, -1, -1, 1, -1, 1, -1, 1, 1, -1, -1]
far	-0.8	[-1, -1, -1, -1, -1, -1, -1, -1, 1, -1]
forward	-0.1111111111111111	[-1, -1, 1, -1, 1, -1, 1, -1, 1]
head	-0.8333333333333334	[-1, -1, -1, -1, -1, -1, -1, -1, -1, -1, -1, 1]
tilt	-1.0	[-1]
sore	-1.0	[-1]
neck	-1.0	[-1, -1]
inflight	-0.7777777777777778	[-1, -1, -1, -1, -1, -1, -1, 1, -1]
screen	-0.8709677419354839	[-1, -1, -1, -1, -1, -1, -1, -1, -1, -1, -1, -1, -1, -1, -1, -1, -1, -1, -1, -1, -1, -1, -1, -1, -1, -1, -1, -1, -1, 1, 1]
journey	-0.6190476190476191	[-1, -1, -1, -1, -1, -1, -1, -1, 1, -1, 1, 1, -1, -1, -1, -1, 1, -1, -1, -1, -1]
hear	-1.0	[-1, -1, -1, -1, -1, -1, -1, -1, -1, -1, -1, -1, -1, -1, -1, -1, -1, -1, -1]
captain	-1.0	[-1, -1, -1]
include	-0.7058823529411765	[1, -1, -1, -1, -1, -1, -1, -1, -1, -1, -1, 1, -1, -1, -1, -1, -1, 1, -1, 1, -1, -1, -1, -1, -1, -1, -1, 0, 0, -1, -1, -1, -1, -1]
icelander	0.0	[1, -1, -1, -1, 1, 1]
helpful	0.36538461538461536	[1, 1, -1, 1, 1, 1, -1, -1, 1, 1, -1, -1, -1, 1, 1, 1, 1, -1, -1, 1, 1, 1, -1, 1, 1, 1, 1, -1, -1, -1, 1, 1, -1, -1, 1, 1, 1, 1, 1, 1, 1, 1, -1, 0, 1, 1, 1, 1, 1, 1, 1, -1]
assist	-0.3333333333333333	[1, -1, -1]
traveler	-0.42857142857142855	[1, -1, 1, -1, -1, -1, -1]
need	-0.8518518518518519	[1, -1, -1, -1, -1, -1, -1, -1, -1, -1, -1, -1, -1, -1, -1, -1, -1, -1, -1, -1, -1, -1, -1, -1, -1, -1, -1, -1, -1, -1, -1, -1, -1, -1, -1, -1, -1, -1, -1, -1, -1, -1, -1, -1, -1, -1, 1, -1, -1, 1, -1, -1, -1, -1, -1, -1, -1, -1, -1, -1, -1, -1, -1, -1, -1, -1, -1, -1, 1, 1, -1, -1, -1, -1, -1, -1, -1, -1, -1, 1, -1]
assistance	0.25	[1, -1, 1, 1, -1, 1, 1, -1]
visit	-0.14285714285714285	[1, -1, 1, -1, 1, -1, -1]
pandemic	-0.6923076923076923	[-1, -1, -1, -1, -1, -1, -1, -1, -1, -1, 1, -1, 1]
difficult	-0.7777777777777778	[-1, -1, -1, -1, 1, -1, -1, -1, -1, -1, -1, -1, -1, 1, -1, -1, -1, -1]
case	-0.7142857142857143	[-1, -1, -1, -1, -1, -1, 1]
solely	-1.0	[-1]
inefficiency	-1.0	[-1]
state	-1.0	[-1, -1, -1, -1, -1, -1, -1, -1, -1, -1, -1]
explanation	-1.0	[-1, -1, -1, -1, -1, -1, -1]
runway	-1.0	[-1, -1, -1]
arrival	-0.75	[-1, -1, -1, -1, 1, -1, -1, -1]
maybe	-1.0	[-1, -1, -1, -1, -1, -1, -1, -1, -1, -1, -1]
sorry	-1.0	[-1, -1, -1]
small	-0.7222222222222222	[-1, -1, -1, -1, 1, -1, -1, -1, -1, -1, -1, -1, -1, 1, -1, -1, -1, -1, -1, -1, -1, -1, -1, -1, -1, -1, -1, 1, -1, -1, -1, -1, 1, -1, -1, 1]
imagine	-1.0	[-1, -1, -1, -1, -1]
busy	-1.0	[-1, -1, -1]
chaotic	-1.0	[-1, -1, -1, -1, -1]
coordinate	-1.0	[-1]
cue	-1.0	[-1, -1]
paperwork	-1.0	[-1, -1, -1, -1, -1]
approve	-1.0	[-1, -1, -1]
prior	-1.0	[-1, -1, -1, -1, -1, -1, -1, -1, -1, -1, -1, -1]
boarding	-0.8899082568807339	[-1, -1, -1, -1, -1, -1, -1, -1, -1, -1, -1, -1, -1, -1, -1, -1, -1, 1, -1, -1, -1, -1, -1, -1, -1, -1, -1, -1, -1, -1, -1, -1, -1, -1, 1, 1, -1, -1, -1, -1, -1, -1, -1, -1, -1, -1, -1, -1, -1, -1, -1, -1, -1, -1, -1, -1, -1, -1, -1, 1, -1, -1, -1, -1, -1, -1, -1, -1, -1, -1, -1, -1, -1, -1, -1, -1, -1, -1, -1, -1, -1, -1, -1, -1, -1, -1, -1, -1, -1, -1, -1, 1, 1, -1, -1, -1, -1, -1, -1, -1, -1, -1, -1, -1, -1, -1, -1, -1, -1]
card	-1.0	[-1, -1, -1, -1, -1, -1, -1]
paper	-1.0	[-1, -1, -1]
one	-1.0	[-1, -1, -1]
reduce	-1.0	[-1, -1]
handling	-1.0	[-1]
lot	-0.6470588235294118	[-1, -1, -1, -1, -1, -1, -1, -1, 1, 1, -1, -1, 1, -1, -1, -1, -1]
people	-0.7021276595744681	[-1, -1, -1, -1, -1, -1, -1, -1, -1, -1, -1, 1, -1, -1, -1, -1, -1, 1, -1, -1, -1, -1, -1, -1, -1, -1, -1, -1, -1, -1, 1, -1, -1, -1, -1, -1, -1, -1, -1, -1, -1, -1, 1, -1, -1, -1, -1, 1, -1, -1, -1, -1, -1, -1, -1, 1, -1, -1, -1, -1, 1, -1, -1, -1, -1, -1, -1, -1, -1, -1, -1, -1, -1, -1, -1, 1, -1, -1, -1, -1, -1, -1, 1, -1, 1, 1, 1, 1, -1, -1, -1, -1, 1, -1]
love	-0.1	[1, -1, -1, -1, 1, -1, -1, 1, -1, -1, 1, 1, -1, 1, -1, 1, -1, 1, -1, 1]
ok	-0.7777777777777778	[-1, 0, -1, -1, -1, -1, -1, 0, -1]
chaos	-1.0	[-1, -1, -1, -1]
relate	-1.0	[-1, -1, -1]
process	-0.7446808510638298	[-1, 1, -1, -1, -1, -1, -1, -1, -1, -1, -1, -1, -1, -1, -1, -1, -1, -1, -1, 1, -1, -1, -1, -1, -1, -1, 1, -1, -1, -1, -1, 1, -1, 1, -1, -1, -1, -1, -1, -1, -1, -1, -1, -1, -1, 1, -1]
begin	-1.0	[-1, -1, -1, -1]
communicate	-0.6	[-1, 1, -1, -1, -1, 1, -1, -1, -1, -1]
poorly	-1.0	[-1, -1, -1, -1]
overall	-0.2727272727272727	[1, -1, -1, 1, -1, -1, -1, -1, 1, 1, -1, -1, 1, -1, 1, -1, -1, -1, 1, -1, -1, 1, -1, 1, -1, -1, -1, -1, 1, 1, -1, -1, 1]
congenial	1.0	[1]
personnel	0.2	[1, 1, -1, 1, -1, -1, -1, 1, 1, 1]
organize	-0.6666666666666666	[1, -1, -1, -1, -1, -1]
inform	-0.8666666666666667	[-1, -1, -1, -1, -1, -1, -1, -1, -1, -1, -1, -1, -1, -1, 1]
fact	-0.7777777777777778	[-1, -1, 1, -1, -1, -1, -1, -1, -1]
unvaccinated	-1.0	[-1]
residence	-1.0	[-1, -1, -1]
negative	-0.8	[-1, -1, -1, -1, -1, -1, -1, -1, -1, -1, 1, 0, -1, -1, -1]
prove	-0.3333333333333333	[-1, 1, -1]
id	-1.0	[-1]
write	-1.0	[-1, -1, -1]
getting	-1.0	[-1, -1]
select	-0.42857142857142855	[-1, -1, -1, 1, 1, -1, -1]
additional	-0.8333333333333334	[-1, -1, -1, -1, -1, -1, -1, -1, -1, 1, -1, -1]
security	-0.6428571428571429	[-1, -1, -1, -1, -1, -1, 1, -1, -1, -1, -1, 1, -1, -1, -1, -1, 1, -1, -1, -1, -1, -1, 1, -1, -1, -1, -1, 1]
screening	-1.0	[-1, -1]
idea	-0.6666666666666666	[-1, 1, -1, -1, -1, -1]
repeat	-0.3333333333333333	[-1, -1, 1]
pleasant	0.0	[-1, 1, 1, 1, -1, -1, -1, 1, -1, -1, -1, -1, -1, -1, -1, 1, 1, -1, 1, 1, -1, 1, 1, -1, 1, 1, 1, -1, 1, -1, 1, 1, 1, -1]
awful	-0.8666666666666667	[-1, -1, -1, -1, -1, -1, -1, -1, -1, 1, -1, -1, -1, -1, -1]
suffer	-1.0	[-1]
employee	-0.38461538461538464	[-1, -1, -1, -1, -1, -1, -1, -1, 1, 1, 1, 1, -1]
come	-0.7058823529411765	[-1, -1, -1, -1, -1, -1, -1, -1, -1, 1, -1, -1, -1, -1, -1, -1, 1, -1, -1, -1, -1, -1, -1, -1, -1, -1, 1, -1, -1, -1, -1, 1, -1, 1]
go	-0.5555555555555556	[-1, -1, -1, -1, 1, -1, -1, 1, -1, -1, -1, -1, -1, -1, -1, -1, -1, -1, -1, -1, -1, -1, -1, -1, -1, -1, 1, 1, -1, 1, -1, 1, -1, -1, -1, -1, 1, -1, -1, -1, -1, -1, 1, 1, 1, -1, -1, -1, 1, -1, -1, 1, -1, -1]
wrong	-1.0	[-1, -1, -1, -1, -1, -1, -1, -1, -1, -1, -1, -1]
deal	-0.8461538461538461	[-1, -1, 1, -1, -1, -1, -1, -1, -1, -1, -1, -1, -1]
help	-0.48	[-1, -1, -1, -1, -1, 1, -1, -1, -1, 1, -1, -1, 1, -1, -1, -1, -1, -1, -1, -1, 1, -1, 1, 1, -1, -1, -1, -1, -1, -1, -1, -1, -1, -1, 1, -1, -1, -1, -1, 1, 1, -1, -1, 1, 1, -1, 1, 1, -1, -1]
communication	-0.6333333333333333	[-1, -1, -1, -1, -1, -1, -1, -1, -1, -1, -1, -1, -1, 1, -1, -1, 1, -1, -1, -1, -1, -1, 1, -1, 0, -1, -1, 1, -1, 1]
different	-0.75	[-1, -1, -1, -1, -1, -1, 1, -1, -1, -1, -1, -1, 1, -1, -1, 1, -1, -1, -1, -1, -1, -1, -1, -1]
company	-0.6	[-1, 1, -1, -1, -1, -1, 1, -1, -1, -1, -1, 1, -1, -1, -1]
thing	-0.8378378378378378	[-1, -1, -1, -1, 1, -1, -1, -1, -1, -1, -1, -1, -1, -1, -1, 1, -1, -1, -1, -1, -1, -1, -1, -1, -1, -1, -1, -1, -1, -1, -1, -1, -1, -1, 1, -1, -1]
marketing	-1.0	[-1, -1, -1]
gimmick	-1.0	[-1]
suck	-1.0	[-1, -1]
fix	-1.0	[-1, -1, -1, -1, -1, -1, -1]
complete	-0.6666666666666666	[-1, -1, -1, -1, 1, -1]
shame	-1.0	[-1, -1, -1, -1, -1, -1, -1, -1]
responsibility	-1.0	[-1, -1]
info	-1.0	[-1, -1, -1, -1, -1, -1, -1, -1, -1, -1, -1, -1, -1]
spend	-0.7	[-1, -1, 1, -1, -1, -1, -1, -1, -1, -1, -1, -1, -1, -1, 1, -1, -1, 1, -1, -1]
combine	-1.0	[-1, -1]
phone	-0.8709677419354839	[-1, -1, -1, -1, -1, -1, -1, -1, -1, -1, 1, -1, -1, -1, -1, -1, -1, -1, -1, -1, -1, -1, -1, -1, 1, -1, -1, -1, -1, -1, -1]
jet	-1.0	[-1, -1, -1]
blue	-1.0	[-1, -1]
dangerous	-1.0	[-1]
shove	-1.0	[-1]
manage	-0.2	[-1, -1, -1, 1, -1, -1, 1, 1, -1, 1]
suggestion	-1.0	[-1]
authority	-1.0	[-1, -1, -1, -1]
early	-0.8823529411764706	[-1, 1, -1, -1, -1, -1, -1, -1, -1, -1, -1, -1, -1, -1, -1, -1, -1]
know	-1.0	[-1, -1, -1]
d	-1.0	[-1, -1, -1, -1, -1, -1]
concourse	-1.0	[-1]
display	0.0	[-1, -1, 1, 1]
attendance	1.0	[1, 1, 1, 1]
kindly	0.0	[1, -1]
job	-0.1111111111111111	[1, 1, 1, -1, -1, -1, -1, -1, 1]
reach	-1.0	[-1, -1, -1, -1, -1, -1, -1, -1, -1, -1, -1, -1]
answer	-0.5555555555555556	[-1, -1, -1, -1, 1, -1, 1, -1, -1]
human	-1.0	[-1, -1, -1, -1]
chatbox	-1.0	[-1]
website	-0.7894736842105263	[-1, -1, -1, -1, -1, -1, -1, 1, -1, -1, -1, 1, -1, -1, -1, -1, -1, -1, -1]
terrible	-1.0	[-1, -1, -1, -1, -1, -1, -1, -1, -1, -1, -1, -1, -1, -1, -1, -1, -1, -1, -1, -1, -1, -1, -1]
app	-0.8	[-1, -1, -1, -1, -1, -1, -1, 1, -1, -1]
fine	-0.8	[-1, -1, -1, -1, -1, -1, -1, -1, 1, -1]
method	-1.0	[-1]
severely	-1.0	[-1]
lack	-0.7777777777777778	[-1, -1, -1, -1, -1, -1, -1, -1, -1, 1, -1, -1, 1, -1, -1, -1, -1, -1]
husband	-0.8333333333333334	[-1, -1, -1, -1, -1, -1, -1, -1, -1, 1, -1, -1]
miss	-0.88	[-1, -1, -1, -1, -1, -1, -1, -1, -1, -1, -1, -1, -1, -1, 1, -1, -1, -1, -1, 0, -1, -1, -1, -1, -1]
embassy	-1.0	[-1]
drink	-0.9259259259259259	[-1, -1, -1, -1, -1, -1, -1, -1, -1, -1, -1, -1, -1, -1, -1, -1, -1, -1, -1, -1, -1, -1, -1, -1, -1, -1, 1]
water	-0.7333333333333333	[-1, -1, -1, -1, -1, -1, -1, -1, -1, -1, -1, -1, -1, -1, -1, -1, -1, -1, -1, -1, -1, -1, -1, -1, -1, 1, -1, 1, 1, 1]
huge	-1.0	[-1, -1, -1, -1, -1, -1, -1, -1]
unnecessary	-1.0	[-1, -1, -1, -1, -1]
dash	-1.0	[-1]
correct	-0.6	[-1, -1, 1, -1, -1]
unfortunate	-1.0	[-1, -1, -1]
stressful	-0.8571428571428571	[-1, 1, -1, -1, -1, -1, -1, -1, -1, -1, -1, -1, -1, -1]
response	-1.0	[-1, -1, -1, -1, -1, -1]
air	-0.35135135135135137	[-1, -1, -1, 1, -1, 1, -1, -1, -1, -1, 1, 1, 1, -1, -1, 1, -1, -1, -1, -1, -1, -1, -1, -1, -1, -1, -1, 1, 1, -1, -1, -1, 1, 1, 1, 1, -1]
past	-1.0	[-1, -1, -1, -1, -1, -1]
allow	-0.9130434782608695	[-1, -1, -1, -1, -1, -1, -1, -1, -1, -1, -1, -1, -1, -1, -1, -1, -1, -1, -1, -1, 1, -1, -1]
hard	-1.0	[-1, -1, -1, -1, -1, -1, -1, -1]
sit	-0.9259259259259259	[-1, -1, -1, -1, -1, -1, -1, -1, -1, -1, -1, -1, -1, -1, -1, -1, -1, -1, -1, -1, -1, -1, -1, 1, -1, -1, -1]
taxi	-1.0	[-1, -1, -1, -1, -1, -1]
hotel	-0.6	[-1, 1, -1, -1, 1, -1, -1, -1, -1, -1]
reservation	-1.0	[-1, -1, -1, -1, -1, -1]
lagoon	-1.0	[-1]
money	-0.8666666666666667	[-1, -1, -1, 1, -1, -1, -1, -1, -1, -1, -1, -1, -1, -1, -1]
lodge	-1.0	[-1]
total	-1.0	[-1, -1, -1, -1, -1, -1, -1]
confusion	-1.0	[-1, -1, -1, -1, -1]
despite	-0.6666666666666666	[-1, 1, -1, -1, -1, -1, -1, -1, -1, 1, -1, -1]
arrive	-0.7647058823529411	[-1, -1, -1, -1, -1, -1, -1, -1, -1, -1, -1, -1, -1, -1, -1, -1, -1, -1, -1, -1, -1, -1, -1, -1, -1, 1, -1, 1, -1, 1, -1, -1, -1, -1, -1, -1, -1, -1, -1, -1, -1, 1, 1, 1, -1, -1, -1, -1, -1, -1, -1]
following	-1.0	[-1, -1, -1]
day	-0.7142857142857143	[-1, -1, 1, -1, -1, -1, 1, -1, -1, -1, -1, -1, -1, -1]
halfway	-1.0	[-1, -1]
trip	-0.7358490566037735	[-1, -1, -1, -1, -1, -1, -1, -1, -1, -1, -1, -1, -1, -1, -1, -1, -1, -1, -1, -1, -1, 1, -1, -1, -1, 1, -1, -1, -1, -1, 1, -1, -1, -1, -1, -1, -1, -1, -1, -1, 1, -1, -1, -1, 1, 1, -1, -1, -1, -1, -1, -1, 1]
buy	-0.8709677419354839	[-1, -1, -1, -1, -1, -1, -1, -1, -1, -1, -1, -1, -1, -1, -1, -1, -1, -1, -1, -1, -1, -1, -1, -1, -1, -1, -1, -1, 1, -1, 1]
appropriate	-1.0	[-1, -1, -1, -1]
clothing	-1.0	[-1]
participate	-1.0	[-1]
outdoor	-1.0	[-1]
activity	-1.0	[-1, -1]
disappointing	-1.0	[-1, -1, -1, -1, -1, -1, -1, -1, -1, -1, -1, -1, -1]
expensive	-1.0	[-1, -1, -1, -1, -1, -1, -1, -1, -1, -1, -1, -1, -1, -1, -1, -1]
friendly	0.39285714285714285	[1, 1, 1, -1, 1, 1, 1, -1, 1, 1, 1, -1, -1, 1, -1, -1, 1, 1, 1, 1, 1, 1, -1, 1, 1, 1, 1, 1, -1, -1, -1, -1, 1, 1, -1, -1, 1, 1, -1, 1, 1, 1, 1, 1, -1, -1, 1, 1, 1, -1, 1, 1, 1, 1, 1, 1]
representative	-0.8	[-1, -1, -1, -1, -1, -1, -1, -1, 1, -1]
proficient	-1.0	[-1]
make	-0.5	[-1, -1, -1, 1, -1, -1, -1, 1, -1, -1, 1, -1]
leg	-0.7209302325581395	[-1, -1, -1, -1, -1, -1, -1, -1, -1, -1, -1, -1, -1, -1, -1, -1, -1, -1, -1, -1, 1, -1, -1, -1, -1, -1, 1, -1, -1, -1, -1, -1, -1, -1, -1, 1, -1, -1, -1, -1, 1, 1, 1]
pretty	-1.0	[-1, -1, -1, -1, -1]
tight	-0.7142857142857143	[-1, -1, -1, -1, -1, -1, 1]
recline	-0.8461538461538461	[-1, -1, -1, -1, -1, -1, -1, -1, -1, -1, -1, -1, 1]
window	-1.0	[-1, -1, -1, -1, -1, -1]
aisle	-0.8461538461538461	[-1, -1, -1, -1, 1, -1, -1, -1, -1, -1, -1, -1, -1]
landing	0.25	[1, -1, 1, 1, -1, -1, 1, 1]
lousy	1.0	[1, 1]
windy	0.3333333333333333	[1, 1, -1]
ground	0.0	[1, -1, -1, 1]
changing	-1.0	[-1]
create	-1.0	[-1, -1, -1, -1]
panic	-1.0	[-1, -1, -1]
final	-1.0	[-1, -1, -1, -1, -1, -1]
unfortunately	-1.0	[-1, -1, -1, -1, -1, -1]
contact	-0.625	[-1, -1, -1, -1, -1, -1, -1, -1, -1, -1, -1, -1, 1, 1, 1, -1]
rush	-0.7777777777777778	[-1, -1, -1, -1, -1, -1, -1, -1, 1]
boarder	-1.0	[-1, -1]
easy	0.045454545454545456	[1, -1, 1, -1, -1, 1, -1, -1, -1, -1, -1, -1, -1, 1, 0, 1, 1, 1, 1, 1, 1, 1]
text	-0.3333333333333333	[1, -1, -1]
mindful	1.0	[1]
experienced	0.0	[-1, 1]
question	-1.0	[-1, -1, -1, -1, -1, -1, -1, -1, -1, -1, -1, -1]
ride	-1.0	[-1, -1, -1, -1]
airplane	-0.6	[-1, -1, -1, -1, -1, -1, -1, -1, -1, -1, -1, -1, -1, -1, 1, -1, 1, -1, 1, 1]
disorganize	-1.0	[-1, -1]
speak	-0.6	[1, -1, -1, -1, -1, -1, -1, -1, -1, 1]
personable	1.0	[1]
quiet	0.3333333333333333	[1, -1, 1]
efficient	0.6666666666666666	[1, 1, -1, 1, 1, -1, 1, -1, 1, 1, 1, 1, 1, 1, 1, 1, 1, 1]
manner	0.3333333333333333	[1, 1, -1]
disappointed	-1.0	[-1, -1, -1, -1, -1, -1, -1, -1, -1, -1, -1, -1, -1, -1]
nickel	-1.0	[-1, -1]
dime	-1.0	[-1]
operation	-0.3333333333333333	[-1, -1, 1]
organization	-0.3333333333333333	[-1, -1, 1]
transfer	-0.875	[-1, -1, -1, -1, -1, -1, -1, -1, -1, -1, -1, -1, -1, -1, -1, -1, 1, -1, -1, -1, -1, -1, -1, -1, -1, -1, -1, -1, -1, -1, 1, -1]
existent	-1.0	[-1]
amazed	-1.0	[-1]
meal	-0.6956521739130435	[-1, -1, -1, -1, -1, -1, -1, -1, -1, 1, -1, -1, -1, -1, 1, -1, 1, -1, -1, -1, -1, -1, -1, -1, -1, -1, -1, -1, -1, -1, -1, -1, -1, -1, -1, -1, -1, -1, -1, -1, 1, 1, -1, -1, 1, 1]
minimal	-0.2	[-1, 1, -1, 1, -1]
unhealthy	-1.0	[-1]
fill	-1.0	[-1, -1, -1, -1]
mind	-1.0	[-1, -1]
proper	-1.0	[-1, -1, -1, -1, -1]
wifi	-1.0	[-1, -1, -1, -1, -1, -1, -1, -1, -1, -1, -1, -1]
saga	-0.23076923076923078	[-1, 1, -1, -1, 1, -1, 1, 1, -1, -1, 1, 1, 1, -1, -1, -1, -1, -1, 1, -1, 1, -1, -1, -1, -1, -1, -1, -1, -1, -1, 1, 1, 1, 1, 1, 1, -1, -1, -1]
class	-0.5161290322580645	[-1, -1, -1, -1, 1, -1, -1, -1, 1, -1, -1, -1, -1, -1, -1, 1, -1, -1, 1, -1, -1, -1, 1, 1, -1, -1, -1, -1, -1, -1, 1, -1, -1, -1, -1, -1, 1, -1, 1, 1, -1, -1, -1, -1, -1, -1, -1, -1, -1, -1, 1, -1, -1, -1, -1, -1, -1, 1, 1, 1, 1, -1]
perfect	0.14285714285714285	[-1, 1, 1, 1, -1, 1, -1]
useless	-1.0	[-1]
ask	-0.6842105263157895	[-1, -1, -1, -1, -1, -1, -1, -1, -1, -1, 1, -1, -1, -1, -1, -1, -1, -1, 1, -1, 1, -1, -1, -1, -1, -1, 1, -1, -1, -1, -1, -1, -1, -1, -1, 1, -1, -1, -1, -1, 1, -1, -1, -1, -1, 1, -1, -1, -1, -1, -1, -1, -1, -1, -1, 1, 1]
reason	-0.8461538461538461	[-1, -1, -1, -1, -1, -1, -1, -1, 1, -1, -1, -1, -1]
likely	-1.0	[-1, -1, -1, -1, -1]
booking	-1.0	[-1, -1, -1, -1, -1, -1, -1, -1, -1, -1, -1, -1, -1, -1, -1, -1, -1, -1, -1, -1]
decent	-1.0	[-1, -1, -1, -1]
potential	-1.0	[-1]
unacceptable	-1.0	[-1, -1, -1, -1, -1, -1, -1, -1, -1, -1, -1]
online	-0.8181818181818182	[-1, -1, -1, -1, -1, -1, -1, -1, -1, -1, -1, -1, 1, -1, -1, -1, -1, -1, -1, -1, 1, -1]
document	-0.875	[-1, -1, -1, -1, -1, -1, -1, -1, -1, -1, -1, -1, -1, 1, -1, -1]
difference	-0.5	[-1, -1, -1, 1]
row	-0.625	[-1, -1, -1, -1, -1, 1, -1, -1, -1, -1, -1, -1, 1, 1, -1, -1]
assignment	-1.0	[-1]
disappear	-1.0	[-1]
copy	-1.0	[-1, -1]
get	-0.8225806451612904	[-1, -1, -1, -1, -1, -1, -1, -1, -1, -1, -1, -1, -1, -1, 1, -1, -1, -1, -1, -1, -1, -1, -1, -1, -1, -1, -1, -1, -1, -1, -1, -1, -1, -1, -1, -1, -1, -1, -1, -1, -1, -1, -1, -1, 0, -1, -1, 1, -1, -1, -1, 1, -1, -1, -1, -1, -1, -1, 1, -1, -1, 1]
nightmare	-1.0	[-1, -1, -1, -1, -1, -1, -1, -1]
start	-0.8260869565217391	[-1, -1, -1, -1, -1, -1, -1, -1, -1, -1, -1, -1, -1, -1, -1, -1, -1, -1, -1, 1, -1, -1, 1]
upset	-1.0	[-1, -1, -1]
exist	-1.0	[-1, -1, -1]
everybody	-1.0	[-1, -1, -1]
push	-1.0	[-1, -1, -1]
surprise	-0.2	[-1, -1, -1, 1, 1]
whatsoever	-1.0	[-1, -1]
actually	-1.0	[-1, -1, -1, -1, -1, -1, -1]
recollect	-1.0	[-1]
plenty	-0.6666666666666666	[-1, -1, -1, -1, -1, 1]
bottle	-0.5	[-1, -1, -1, 1]
cup	-0.5	[-1, -1, -1, 1]
recover	-1.0	[-1]
believe	-0.75	[-1, -1, 1, -1, -1, -1, -1, -1]
request	-1.0	[-1, -1, -1, -1, -1, -1, -1, -1]
let	-0.2222222222222222	[-1, -1, 1, -1, -1, -1, -1, -1, -1, -1, -1, 1, -1, 1, 1, 1, 1, 1]
honest	-1.0	[-1, -1]
disappointment	-1.0	[-1, -1, -1, -1, -1, -1, -1, -1, -1, -1]
grander	-1.0	[-1]
cheap	-1.0	[-1, -1, -1, -1, -1, -1]
sure	-0.6	[-1, -1, 1, -1, -1, -1, -1, -1, 1, 1, -1, -1, -1, -1, -1]
poor	-0.9285714285714286	[-1, -1, -1, -1, -1, -1, -1, -1, -1, -1, -1, -1, -1, -1, 1, -1, -1, -1, -1, -1, -1, -1, -1, -1, -1, -1, -1, -1]
explain	-0.6666666666666666	[-1, -1, -1, -1, -1, 1]
consider	-0.8333333333333334	[1, -1, -1, -1, -1, -1, -1, -1, -1, -1, -1, -1]
accept	-0.75	[1, -1, -1, -1, -1, -1, -1, -1]
trust	1.0	[1]
navigate	0.2	[1, 1, -1, -1, 1]
understand	-1.0	[-1, -1, -1, -1, -1, -1, -1, -1, -1, -1, -1, -1, -1, -1, -1, -1, -1, -1, -1, -1, -1, -1]
clearly	-0.8	[-1, -1, -1, -1, -1, -1, -1, -1, -1, 1]
findmy	-1.0	[-1]
hand	-0.8333333333333334	[-1, -1, -1, -1, -1, -1, -1, 1, -1, -1, -1, -1]
support	-1.0	[-1, -1, -1, -1, -1, -1, -1]
keep	-0.42857142857142855	[1, -1, 1, 1, -1, -1, -1, -1, -1, -1, -1, -1, 1, -1]
bough	1.0	[1]
polite	0.3333333333333333	[1, -1, 1, 1, -1, 1]
clean	0.2222222222222222	[1, 1, 1, -1, -1, -1, 1, 1, 1, -1, -1, -1, 1, -1, 1, 1, 1, 1]
tidy	1.0	[1]
say	-0.8260869565217391	[-1, -1, -1, -1, -1, -1, -1, -1, -1, -1, -1, -1, -1, -1, -1, -1, -1, -1, -1, -1, -1, -1, -1, -1, -1, -1, -1, -1, -1, -1, -1, -1, -1, -1, -1, -1, -1, 1, -1, -1, -1, 1, -1, -1, 1, 1]
garbage	-1.0	[-1, -1, -1]
expedite	-1.0	[-1]
force	-1.0	[-1, -1, -1, -1, -1, -1, -1, -1, -1]
fit	-0.1111111111111111	[-1, -1, -1, -1, -1, 1, 1, 1, 1]
overhead	-1.0	[-1, -1, -1, -1, -1, -1, -1, -1]
promise	-1.0	[-1, -1]
priority	-1.0	[-1, -1, -1, -1, -1, -1, -1, -1, -1, -1, -1, -1, -1]
availability	-1.0	[-1]
convenient	-1.0	[-1, -1]
satisfied	0.0	[1, -1]
courteous	0.5	[1, 1, -1, 1, -1, 1, 1, 1]
future	-0.5	[1, -1, -1, -1, -1, -1, -1, -1, -1, 1, -1, 1]
confirmation	-1.0	[-1, -1, -1, -1, -1]
email	-0.92	[-1, -1, -1, -1, -1, -1, -1, -1, -1, 1, -1, -1, -1, -1, -1, -1, -1, -1, -1, -1, -1, -1, -1, -1, -1]
send	-0.6923076923076923	[-1, -1, -1, -1, -1, -1, -1, 1, -1, -1, -1, -1, 1]
twitter	-1.0	[-1]
dm	-1.0	[-1]
respond	-1.0	[-1, -1, -1, -1]
iceland	-0.4	[1, 1, -1, -1, -1, -1, -1, -1, 1, -1]
excellent	0.6	[1, -1, -1, -1, 1, 1, 1, -1, 1, -1, 1, 1, 1, 1, -1, 1, 1, 1, 1, 1, 1, 1, 1, 1, 1, 1, 1, 1, 1, 1]
m	0.0	[1, -1]
unnecessarily	-1.0	[-1]
complex	-1.0	[-1]
scan	-1.0	[-1, -1, -1]
pass	-0.9375	[-1, -1, -1, -1, -1, -1, -1, -1, -1, -1, -1, -1, -1, -1, -1, -1, -1, -1, -1, -1, -1, -1, -1, -1, -1, -1, -1, -1, -1, -1, -1, 1]
appreciate	0.0	[-1, -1, -1, -1, 1, 1, -1, 1, 1, 1]
abrupt	-1.0	[-1, -1]
extra	-0.7619047619047619	[-1, -1, -1, -1, -1, -1, -1, -1, -1, -1, -1, -1, -1, -1, -1, -1, -1, -1, -1, -1, 1, -1, -1, -1, -1, -1, -1, -1, 1, -1, -1, -1, 1, 1, -1, -1, -1, -1, -1, 1, -1, -1]
happy	-0.5	[1, -1, -1, -1, -1, -1, -1, -1, -1, 1, 1, -1]
insufficient	-1.0	[-1]
capacity	-1.0	[-1, -1]
surely	-1.0	[-1, -1]
meet	-1.0	[-1, -1, -1, -1, -1, -1, -1, -1]
staffing	-1.0	[-1]
close	-1.0	[-1, -1, -1, -1, -1, -1, -1, -1, -1, -1, -1, -1, -1, -1, -1, -1, -1, -1, -1]
touch	-0.6666666666666666	[-1, -1, -1, 1, -1, -1]
absolutely	-0.6363636363636364	[-1, 1, -1, -1, -1, -1, -1, -1, -1, -1, 1]
acceptable	-1.0	[-1, -1, -1, -1, -1, -1, -1, -1, -1]
joy	-1.0	[-1]
occur	-1.0	[-1, -1, -1]
entertainment	-0.7333333333333333	[-1, -1, -1, -1, -1, -1, -1, -1, -1, -1, -1, -1, -1, -1, -1, -1, -1, -1, -1, -1, -1, -1, -1, 1, 1, -1, -1, -1, 1, 1]
overweight	-1.0	[-1, -1, -1, -1, -1]
transaction	-1.0	[-1]
reverse	-1.0	[-1]
chance	-1.0	[-1, -1, -1, -1]
plan	-0.8181818181818182	[-1, -1, -1, -1, -1, -1, -1, -1, 1, -1, -1]
becaus	-1.0	[-1]
high	-0.6923076923076923	[-1, -1, -1, -1, 1, -1, 1, -1, -1, -1, -1, -1, -1]
stuff	-0.6	[-1, -1, -1, 1, -1]
utter	-1.0	[-1]
girl	-1.0	[-1]
yes	-0.875	[-1, -1, -1, -1, -1, -1, -1, 1, -1, -1, -1, -1, -1, -1, -1, -1]
allocate	-1.0	[-1, -1]
party	-1.0	[-1, -1, -1, -1, -1]
split	-1.0	[-1]
onboard	-0.23809523809523808	[-1, 1, 1, 1, -1, -1, -1, -1, -1, 1, -1, -1, 1, 1, -1, -1, 1, -1, -1, -1, 1]
uncomfortable	-1.0	[-1, -1, -1, -1, -1, -1, -1, -1, -1, -1, -1, -1, -1, -1, -1, -1, -1, -1, -1, -1, -1, -1, -1, -1]
vegetarian	-0.3333333333333333	[-1, -1, -1, -1, 1, 1]
pizza	-1.0	[-1, -1, -1, -1]
vegan	-1.0	[-1, -1]
soup	-1.0	[-1, -1, -1]
eat	-1.0	[-1, -1, -1, -1, -1, -1, -1, -1, -1, -1, -1, -1]
unpleasant	-1.0	[-1, -1, -1, -1, -1, -1, -1, -1, -1]
item	-1.0	[-1, -1, -1, -1, -1, -1, -1, -1, -1, -1, -1, -1, -1, -1]
taste	-0.5	[-1, -1, -1, 1]
ham	-1.0	[-1, -1]
cheese	-1.0	[-1, -1, -1, -1, -1]
budget	-1.0	[-1, -1, -1]
surprised	-1.0	[-1, -1, -1, -1, -1, -1]
contract	-1.0	[-1]
crammed	-1.0	[-1]
h	-1.0	[-1, -1, -1, -1, -1, -1]
till	-1.0	[-1, -1, -1, -1]
directly	-1.0	[-1, -1, -1]
seatac	-1.0	[-1]
fast	-0.6	[-1, -1, -1, -1, -1, -1, -1, -1, 1, 1]
lane	-1.0	[-1, -1]
family	-0.7	[-1, -1, -1, -1, -1, -1, -1, 1, -1, -1, -1, -1, -1, -1, -1, -1, 1, 1, -1, -1]
soon	-0.5	[-1, -1, 1, -1]
mess	-1.0	[-1, -1, -1, -1, -1, -1]
grateful	0.2	[-1, 1, 1, 1, -1]
frustrating	-0.8333333333333334	[-1, 1, -1, -1, -1, -1, -1, -1, -1, -1, -1, -1]
sweaty	-1.0	[-1]
breath	-1.0	[-1]
possibly	-1.0	[-1, -1, -1, -1]
narrow	-1.0	[-1, -1, -1, -1, -1, -1]
starve	-1.0	[-1]
willing	-1.0	[-1, -1, -1]
headphone	-1.0	[-1, -1, -1, -1, -1, -1, -1, -1, -1, -1, -1, -1, -1, -1, -1, -1, -1, -1, -1, -1, -1]
instead	-0.75	[-1, -1, -1, -1, -1, 1, -1, -1, -1, -1, -1, 0]
feeling	-1.0	[-1, -1, -1, -1, -1]
refresh	-1.0	[-1, -1]
ready	-0.6666666666666666	[-1, -1, -1, 1, -1, -1]
angry	-1.0	[-1, -1, -1, -1]
tired	-0.5	[-1, 1, -1, -1]
sleep	-0.6	[-1, -1, -1, -1, -1, -1, -1, -1, 1, 1]
overnight	-0.3333333333333333	[-1, 1, -1]
old	-0.7142857142857143	[-1, -1, 1, -1, -1, 1, -1, -1, -1, -1, -1, -1, -1, -1]
ball	-1.0	[-1]
coxic	-1.0	[-1]
bone	-1.0	[-1]
hurt	-0.3333333333333333	[-1, 1, -1]
sml	-1.0	[-1]
temperature	-0.8333333333333334	[-1, -1, -1, -1, -1, -1, -1, -1, -1, 1, -1, -1]
hot	-1.0	[-1, -1, -1, -1, -1, -1, -1, -1, -1, -1, -1, -1, -1, -1, -1, -1, -1, -1, -1, -1, -1]
understandably	-1.0	[-1]
require	-0.7	[-1, -1, 1, -1, -1, -1, -1, -1, -1, 0]
wear	-0.8333333333333334	[-1, -1, -1, -1, -1, -1, 1, -1, -1, -1, -1, -1]
face	-1.0	[-1, -1, -1, -1, -1]
mask	-0.8333333333333334	[-1, -1, -1, -1, -1, -1, -1, -1, -1, -1, -1, 1, 1, -1, -1, -1, -1, -1, -1, -1, -1, -1, -1, -1]
increase	-1.0	[-1, -1]
body	-1.0	[-1, -1]
unbearable	-1.0	[-1]
record	-1.0	[-1]
infection	-1.0	[-1, -1]
number	-1.0	[-1, -1, -1, -1, -1, -1, -1, -1, -1, -1, -1, -1]
age	-0.3333333333333333	[-1, -1, 1]
limit	-1.0	[-1, -1]
constantly	-1.0	[-1, -1, -1]
properly	-1.0	[-1, -1, -1, -1, -1]
warn	-1.0	[-1, -1, -1]
follow	-1.0	[-1, -1, -1, -1, -1, -1, -1, -1, -1, -1]
simple	-0.3333333333333333	[-1, -1, -1, 1, 1, -1]
rule	-1.0	[-1, -1, -1, -1, -1, -1, -1]
outstanding	0.3333333333333333	[1, 1, -1]
tempt	1.0	[1]
lead	-0.5	[1, -1, -1, -1, -1, -1, 1, -1]
term	1.0	[1]
recent	0.6	[1, 1, 1, -1, 1]
exceptional	-0.2	[1, 1, -1, -1, -1]
pre	-0.7142857142857143	[-1, -1, -1, -1, -1, -1, 1]
antigen	-0.5	[-1, -1, 1, -1]
worrying	-1.0	[-1, -1]
aware	-1.0	[-1, -1, -1, -1, -1, -1, -1]
regulation	-1.0	[-1, -1, -1, -1, -1, -1]
appear	-1.0	[-1, -1, -1, -1, -1]
govt	-1.0	[-1]
having	-1.0	[-1, -1, -1]
ironic	-1.0	[-1]
metre	-1.0	[-1]
distance	-0.5555555555555556	[-1, -1, 1, -1, 1, -1, -1, -1, -1]
cram	-1.0	[-1, -1, -1, -1]
transport	-1.0	[-1, -1]
trivial	-1.0	[-1]
moment	-1.0	[-1, -1, -1]
ongoing	-1.0	[-1, -1]
order	-0.8181818181818182	[-1, -1, -1, -1, -1, -1, -1, -1, -1, -1, 1]
happily	-1.0	[-1]
favourite	-1.0	[-1]
queue	-0.9310344827586207	[-1, -1, -1, -1, -1, -1, -1, -1, -1, -1, -1, -1, -1, -1, -1, -1, -1, -1, -1, -1, -1, -1, -1, -1, -1, -1, -1, 1, -1]
spacing	-1.0	[-1, -1]
safe	-0.42857142857142855	[-1, -1, -1, -1, 1, -1, 1]
previous	-0.6666666666666666	[-1, -1, -1, -1, -1, 1]
quality	-1.0	[-1, -1, -1, -1, -1]
apologize	-1.0	[-1]
chain	-1.0	[-1]
reaction	-1.0	[-1]
course	-0.5	[-1, -1, -1, 1]
concern	-1.0	[-1, -1, -1, -1]
point	-0.625	[-1, -1, -1, -1, -1, -1, -1, -1, -1, -1, -1, 1, -1, -1, 1, 1]
problematic	-1.0	[-1, -1]
accidentally	-1.0	[-1]
twice	-1.0	[-1, -1, -1, -1, -1, -1, -1, -1]
hold	-0.8461538461538461	[-1, -1, -1, -1, -1, -1, -1, -1, -1, -1, -1, -1, 1]
satisfactory	-1.0	[-1]
aspect	0.0	[-1, 1]
improvement	-1.0	[-1, -1, -1]
guidance	-1.0	[-1, -1]
melt	-1.0	[-1]
belt	-1.0	[-1, -1]
dim	-1.0	[-1, -1]
happend	-1.0	[-1]
turn	-0.8181818181818182	[-1, -1, -1, -1, -1, -1, -1, 1, -1, -1, -1]
immediately	-1.0	[-1, -1]
breakfast	0.0	[-1, 1]
excperience	1.0	[1]
receive	-0.8947368421052632	[-1, -1, -1, 1, -1, -1, -1, -1, -1, -1, -1, -1, -1, -1, -1, -1, -1, -1, -1]
realize	-0.5	[1, -1, -1, -1, -1, 1, -1, -1]
quick	0.42857142857142855	[1, -1, 1, 1, -1, 1, 1]
transit	-1.0	[-1, -1, -1, -1, -1, -1, -1]
direct	-1.0	[-1, -1, -1, -1, -1, -1, -1, -1, -1, -1, -1]
seating	-0.75	[-1, -1, -1, -1, -1, 1, -1, -1, -1, -1, -1, -1, -1, -1, -1, 1]
corridor	-1.0	[-1, -1, -1]
somebody	-1.0	[-1, -1]
standard	-1.0	[-1, -1, -1, -1, -1]
vent	-1.0	[-1]
cool	-1.0	[-1, -1]
warm	-0.6363636363636364	[-1, -1, -1, -1, -1, -1, -1, -1, 1, 1, -1]
premium	-0.7647058823529411	[-1, -1, -1, -1, -1, -1, -1, -1, -1, 1, -1, -1, -1, -1, -1, 1, -1]
mark	-1.0	[-1, -1, -1, -1]
confused	-1.0	[-1]
mixed	-1.0	[-1]
necessary	-1.0	[-1, -1, -1, -1, -1, -1]
parent	-1.0	[-1, -1]
desperate	-1.0	[-1]
bother	-1.0	[-1, -1, -1, -1]
counter	-1.0	[-1, -1, -1, -1, -1, -1, -1, -1, -1, -1, -1, -1, -1, -1, -1]
qr	-1.0	[-1, -1, -1]
government	-0.5	[-1, -1, 1, -1]
vaccination	-1.0	[-1, -1, -1, -1]
brief	-1.0	[-1]
disaster	-1.0	[-1, -1]
offering	-1.0	[-1]
cold	-0.8	[-1, -1, 1, -1, -1, -1, -1, -1, -1, -1]
meat	-1.0	[-1]
popular	-1.0	[-1]
choice	-1.0	[-1, -1, -1, -1, -1, -1, -1, -1, -1, -1, -1]
dish	-1.0	[-1]
charcuterie	-1.0	[-1]
plate	-1.0	[-1]
coffee	-1.0	[-1, -1]
webpage	-1.0	[-1]
period	1.0	[1]
smooth	0.16666666666666666	[1, 1, -1, -1, -1, -1, 1, 1, 1, -1, 1, 1]
confusing	-1.0	[-1, -1, -1, -1, -1, -1, -1]
usual	-0.3333333333333333	[-1, 1, -1]
area	-1.0	[-1, -1, -1, -1, -1, -1, -1, -1, -1, -1, -1]
section	-1.0	[-1, -1, -1, -1, -1, -1, -1, -1, -1, -1]
completely	-0.6	[-1, -1, -1, -1, -1, -1, -1, -1, -1, -1, -1, -1, 1, 1, 1]
understanding	-0.5	[-1, -1, -1, 1]
backlog	-1.0	[-1]
routine	-1.0	[-1]
questioning	-1.0	[-1]
signage	-1.0	[-1, -1, -1, -1, -1, -1]
informative	0.0	[-1, 1]
sign	-1.0	[-1, -1, -1, -1, -1, -1, -1, -1, -1, -1, -1]
direction	-1.0	[-1, -1, -1, -1, -1, -1, -1]
relieve	-1.0	[-1]
duplication	-1.0	[-1]
health	0.0	[-1, 1, 1, -1]
break	-0.875	[-1, -1, -1, -1, -1, -1, -1, -1, -1, -1, -1, -1, -1, -1, -1, 1]
report	-1.0	[-1, -1, -1, -1, -1]
fa	-1.0	[-1]
fldid	-1.0	[-1]
improve	-0.8823529411764706	[-1, -1, -1, -1, -1, -1, -1, -1, -1, -1, 1, -1, -1, -1, -1, -1, -1]
greatly	-1.0	[-1]
little	-0.9130434782608695	[-1, -1, -1, -1, -1, 1, -1, -1, -1, -1, -1, -1, -1, -1, -1, -1, -1, -1, -1, -1, -1, -1, -1]
cramped	-1.0	[-1]
tall	-1.0	[-1, -1, -1, -1, -1, -1, -1, -1]
legged	-1.0	[-1]
particularly	-1.0	[-1, -1]
fully	-1.0	[-1, -1, -1, -1, -1]
impose	-1.0	[-1, -1]
horrible	-1.0	[-1, -1, -1, -1, -1, -1, -1, -1, -1, -1, -1, -1]
technical	-1.0	[-1]
solve	-1.0	[-1, -1, -1]
access	-1.0	[-1, -1, -1, -1, -1, -1, -1, -1, -1, -1, -1, -1, -1, -1, -1, -1, -1, -1, -1]
enjoy	0.2	[-1, -1, 1, 1, 1, 1, -1, 1, 1, -1]
movie	-0.5555555555555556	[-1, -1, 1, -1, -1, -1, -1, -1, -1, -1, -1, -1, 1, 1, -1, -1, 1, -1]
sell	-1.0	[-1, -1, -1]
menu	-1.0	[-1, -1, -1, -1, -1, -1, -1, -1, -1, -1]
incredible	1.0	[1, 1]
relax	0.2	[1, -1, -1, 1, 1]
fantastic	1.0	[1, 1]
superb	1.0	[1, 1]
amazing	1.0	[1, 1, 1, 1, 1, 1, 1, 1, 1, 1, 1, 1, 1, 1, 1]
superior	1.0	[1]
frustrated	-1.0	[-1]
legroom	-0.38461538461538464	[-1, -1, -1, -1, -1, -1, -1, 1, -1, 1, 1, 1, -1]
horrendous	-1.0	[-1, -1]
social	-1.0	[-1, -1, -1, -1, -1]
distancing	-1.0	[-1, -1, -1, -1, -1]
buss	-1.0	[-1]
maintain	1.0	[1, 1]
complication	0.3333333333333333	[1, -1, 1]
highly	0.6	[1, 1, -1, 1, 1]
appreciated	0.3333333333333333	[1, -1, 1]
rebooke	-1.0	[-1, -1, -1, -1, -1, -1, -1, -1, -1]
worry	-0.3333333333333333	[-1, 1, -1]
untrue	-1.0	[-1]
hassle	-0.42857142857142855	[-1, -1, 1, -1, -1, 1, -1]
mishandle	-1.0	[-1]
inconvenience	-0.6	[1, -1, -1, -1, -1]
use	-0.7297297297297297	[1, -1, 0, 0, -1, -1, -1, 1, -1, -1, -1, -1, -1, -1, -1, -1, -1, -1, -1, 1, 1, -1, -1, -1, -1, -1, -1, -1, -1, -1, -1, -1, -1, -1, -1, -1, -1]
free	-0.7954545454545454	[-1, -1, -1, -1, -1, -1, -1, -1, -1, -1, -1, 1, -1, -1, -1, 1, -1, -1, -1, -1, -1, -1, -1, -1, -1, -1, -1, -1, -1, 1, -1, -1, -1, -1, -1, 0, -1, -1, -1, -1, -1, -1, -1, 1]
coat	-1.0	[-1, -1, -1, -1, -1, -1]
equipment	-0.6	[-1, -1, -1, -1, 1]
timely	0.0	[1, -1]
layout	-1.0	[-1, -1]
messy	-1.0	[-1, -1]
assign	-0.3333333333333333	[-1, -1, 1]
random	-1.0	[-1, -1]
shifting	-1.0	[-1]
barely	-1.0	[-1, -1, -1, -1, -1, -1, -1, -1, -1]
hesitant	-1.0	[-1]
taxis	-1.0	[-1]
overcrowded	-1.0	[-1, -1, -1]
city	-1.0	[-1, -1]
advertising	-1.0	[-1]
internal	-1.0	[-1]
island	-1.0	[-1, -1, -1, -1]
avail	-1.0	[-1]
update	-0.6363636363636364	[-1, -1, -1, 1, -1, -1, -1, -1, -1, -1, 1]
limited	-1.0	[-1, -1, -1, -1, -1, -1, -1, -1]
efficiency	-0.3333333333333333	[-1, 1, -1]
distinction	-1.0	[-1]
plus	-0.6666666666666666	[-1, -1, -1, 1, -1, -1]
incredibly	-0.8461538461538461	[-1, -1, -1, -1, -1, -1, -1, -1, -1, -1, -1, -1, 1]
disorganized	-1.0	[-1, -1]
yell	-1.0	[-1]
elevator	-1.0	[-1]
bathroom	-1.0	[-1, -1, -1, -1, -1]
indicate	-0.3333333333333333	[-1, -1, 1]
oh	-1.0	[-1, -1, -1]
selection	-0.8461538461538461	[-1, -1, -1, -1, -1, -1, 1, -1, -1, -1, -1, -1, -1]
complimentary	-1.0	[-1, -1, -1, -1, -1, -1, -1, -1, -1, -1, -1, -1, -1]
apparently	-1.0	[-1, -1, -1, -1]
lady	-0.4	[1, -1, -1, -1, -1, -1, -1, -1, 1, 1]
procedure	0.0	[1, -1, -1, 1]
effortless	1.0	[1, 1]
cheery	1.0	[1]
share	-0.3333333333333333	[-1, -1, 1]
nut	-1.0	[-1, -1, -1]
allergy	-1.0	[-1, -1, -1]
cramp	-1.0	[-1, -1, -1, -1, -1, -1, -1, -1, -1, -1]
engine	-1.0	[-1]
trouble	-1.0	[-1, -1, -1, -1, -1]
greeting	-1.0	[-1]
wash	-1.0	[-1]
soap	-1.0	[-1]
rash	-1.0	[-1]
wqas	-1.0	[-1]
sanitizer	-1.0	[-1]
chair	-1.0	[-1, -1, -1, -1, -1, -1, -1, -1]
weird	-1.0	[-1, -1, -1, -1]
pain	-1.0	[-1, -1]
throw	-1.0	[-1]
away	-1.0	[-1, -1, -1, -1, -1, -1, -1, -1]
eur	-1.0	[-1]
weight	-1.0	[-1, -1, -1, -1, -1, -1]
cherry	-1.0	[-1]
home	-0.47368421052631576	[-1, -1, -1, -1, -1, -1, 1, -1, 1, 1, -1, -1, 1, -1, 1, -1, -1, -1, -1]
euro	-1.0	[-1]
complicated	-1.0	[-1, -1, -1]
restaurant	-1.0	[-1, -1]
unclear	-1.0	[-1, -1]
bluetooth	-1.0	[-1]
audio	-1.0	[-1, -1, -1, -1]
headset	-1.0	[-1, -1]
cost	-1.0	[-1, -1, -1, -1, -1, -1, -1, -1, -1, -1, -1, -1, -1, -1, -1, -1, -1, -1, -1, -1, -1, -1, -1, -1, -1, -1]
wine	-1.0	[-1]
amenity	-0.5	[-1, -1, 1, -1]
personal	-1.0	[-1, -1, -1, -1, -1, -1]
restart	-1.0	[-1]
luck	-1.0	[-1]
pickup	-1.0	[-1]
receptionist	-1.0	[-1]
upload	-1.0	[-1, -1, -1, -1, -1, -1, -1, -1, -1, -1]
fiasco	-1.0	[-1]
finally	-1.0	[-1, -1, -1, -1, -1]
accommodation	-1.0	[-1, -1]
sub	-1.0	[-1]
par	-1.0	[-1, -1]
comparable	-1.0	[-1, -1, -1]
coach	-1.0	[-1, -1, -1]
recommend	0.0	[-1, -1, -1, -1, 1, 1, -1, 1, -1, 1, -1, 1, 1, -1, 1, 1]
flier	-1.0	[-1]
regard	-0.3333333333333333	[-1, 1, -1]
handicap	-1.0	[-1, -1]
worker	-1.0	[-1, -1]
reference	-1.0	[-1]
date	-0.3333333333333333	[-1, -1, 1]
morning	-1.0	[-1, -1]
wife	-1.0	[-1, -1, -1, -1, -1]
heart	-1.0	[-1]
situation	-1.0	[-1, -1, -1, -1]
commitment	-1.0	[-1]
later	-1.0	[-1, -1, -1, -1, -1, -1, -1]
expense	-1.0	[-1, -1, -1, -1]
rearrange	-1.0	[-1]
destination	-0.5555555555555556	[-1, -1, 1, -1, -1, -1, -1, 1, -1]
reseat	-1.0	[-1]
afford	-1.0	[-1]
kosher	-1.0	[-1]
schedule	-1.0	[-1, -1, -1]
race	-1.0	[-1]
connection	-0.8260869565217391	[-1, -1, -1, -1, -1, -1, -1, -1, -1, -1, -1, -1, -1, -1, -1, -1, -1, -1, -1, -1, 1, 1, -1]
reschedule	-1.0	[-1]
transportation	-1.0	[-1]
custom	-1.0	[-1, -1]
mad	-1.0	[-1]
fail	-1.0	[-1, -1, -1]
enter	-1.0	[-1, -1, -1, -1, -1]
confirm	-1.0	[-1, -1]
pet	-1.0	[-1, -1]
altogether	-1.0	[-1]
incompetence	-1.0	[-1, -1]
equally	-1.0	[-1]
generally	-1.0	[-1]
impression	-1.0	[-1]
terribly	-1.0	[-1, -1]
standby	-1.0	[-1]
separate	-1.0	[-1, -1, -1, -1, -1, -1]
sum	-1.0	[-1, -1]
understaffed	-1.0	[-1]
nit	-1.0	[-1]
organisation	-1.0	[-1]
silly	-1.0	[-1, -1]
bunch	-1.0	[-1]
space	-0.84	[-1, -1, -1, -1, -1, -1, -1, -1, 1, -1, -1, -1, 1, -1, -1, -1, -1, -1, -1, -1, -1, -1, -1, -1, -1]
disconcerting	-1.0	[-1]
attention	0.0	[-1, 1]
calm	-1.0	[-1, -1]
relaxed	-1.0	[-1]
model	-1.0	[-1]
rest	-0.7142857142857143	[-1, -1, -1, 1, -1, -1, -1]
strange	-1.0	[-1, -1, -1, -1]
life	-1.0	[-1, -1, -1]
stake	-1.0	[-1]
concord	-1.0	[-1]
deliver	-0.6666666666666666	[-1, -1, -1, -1, -1, 1]
risk	-1.0	[-1, -1, -1]
witness	-1.0	[-1]
death	-1.0	[-1]
divert	-1.0	[-1]
treatment	-1.0	[-1]
hearing	-1.0	[-1, -1]
orient	1.0	[1, 1]
disorganization	-1.0	[-1]
valuable	-1.0	[-1, -1, -1, -1]
whiskey	-1.0	[-1]
steal	-1.0	[-1]
affected	-1.0	[-1]
wi	-1.0	[-1, -1, -1, -1]
fi	-1.0	[-1, -1, -1, -1]
stay	-0.3333333333333333	[1, 1, -1, -1, 1, -1, -1, -1, -1]
talk	-1.0	[-1, -1, -1, -1, -1, -1, -1, -1, -1]
loud	-0.3333333333333333	[-1, -1, 1]
right	-0.5	[0, 0, -1, -1, -1, 1, -1, -1]
skeptical	0.0	[0, 0]
previously	-1.0	[-1, -1, -1, -1, -1]
outset	-1.0	[-1, -1]
cardinal	-1.0	[-1]
principal	-1.0	[-1]
sheep	-1.0	[-1, -1]
decide	-1.0	[-1, -1]
admittedly	-1.0	[-1]
opposite	-1.0	[-1, -1, -1]
astonished	-1.0	[-1]
single	-1.0	[-1, -1, -1, -1]
word	-0.5	[-1, -1, 1, -1]
howdy	-1.0	[-1]
refreshing	-1.0	[-1]
kef	-1.0	[-1]
totally	-1.0	[-1, -1, -1]
wood	-1.0	[-1]
paneling	-1.0	[-1]
intimate	-1.0	[-1]
scale	-1.0	[-1]
horde	-1.0	[-1]
responsible	-1.0	[-1]
world	-0.5	[-1, -1, -1, 1]
complementary	-1.0	[-1, -1, -1]
count	-1.0	[-1, -1]
absurd	-0.5	[-1, -1, 1, -1]
straightforward	-1.0	[-1]
quickly	-0.5	[-1, -1, 1, -1]
requirement	-0.8181818181818182	[-1, -1, -1, -1, -1, 1, -1, -1, -1, -1, -1]
file	-1.0	[-1, -1]
bagages	-1.0	[-1]
lightly	-1.0	[-1]
damage	-1.0	[-1, -1, -1, -1, -1, -1, -1, -1]
closing	-1.0	[-1]
guy	0.0	[1, 1, -1, -1]
feedback	0.0	[1, -1, -1, 1]
performance	-1.0	[-1]
grat	-1.0	[-1]
portal	-1.0	[-1]
web	-1.0	[-1, -1]
impossible	-1.0	[-1, -1, -1, -1, -1, -1, -1, -1]
set	-1.0	[-1, -1, -1]
partner	-1.0	[-1, -1, -1, -1, -1, -1, -1, -1, -1, -1, -1, -1]
differentt	-1.0	[-1]
place	-1.0	[-1, -1, -1, -1, -1, -1, -1, -1, -1, -1, -1, -1]
windowseat	-1.0	[-1]
effekt	-1.0	[-1, -1]
woman	-0.5	[-1, -1, -1, 1]
girlfriend	-1.0	[-1]
seitte	-1.0	[-1]
commuicate	-1.0	[-1]
cross	-1.0	[-1]
reservate	-1.0	[-1]
togerher	-1.0	[-1]
possible	-0.3333333333333333	[-1, -1, -1, -1, -1, 1, -1, -1, -1, 1, 1, 1]
neeed	-1.0	[-1]
possibiliry	-1.0	[-1]
bording	-1.0	[-1]
unacceptible	-1.0	[-1]
value	0.5	[1, -1, 1, 1]
fare	-1.0	[-1, -1, -1, -1, -1, -1, -1, -1]
carousel	-1.0	[-1]
broken	-1.0	[-1, -1, -1, -1]
loader	-1.0	[-1]
shy	-1.0	[-1]
chat	-1.0	[-1]
transfert	-1.0	[-1]
scandalous	-1.0	[-1]
mention	-0.6	[1, -1, -1, -1, 1, -1, -1, -1, -1, -1]
stewardess	-0.2	[1, -1, -1, -1, 1]
pleasure	1.0	[1, 1, 1]
tremendous	-1.0	[-1]
pressure	-1.0	[-1, -1]
protocol	-1.0	[-1, -1, -1, -1]
jeopardize	-1.0	[-1]
slowness	-1.0	[-1]
decision	-1.0	[-1, -1]
finish	-0.3333333333333333	[-1, -1, 1]
porly	-1.0	[-1]
reenter	-1.0	[-1]
minute	-1.0	[-1, -1, -1]
tenerife	-1.0	[-1]
fun	-1.0	[-1, -1, -1]
testing	-0.2	[-1, -1, -1, 1, 1]
tracking	-1.0	[-1]
software	-1.0	[-1]
sim	-1.0	[-1]
route	-0.75	[-1, -1, -1, -1, -1, -1, -1, 1]
account	-1.0	[-1, -1, -1]
automatically	-1.0	[-1]
base	-1.0	[-1, -1, -1, -1]
find	0.0	[-1, 1, 1, -1]
skip	-1.0	[-1, -1]
major	-1.0	[-1, -1, -1, -1]
holiday	-0.5	[-1, 1, -1, -1]
rate	-1.0	[-1, -1]
detail	-1.0	[-1]
download	0.0	[-1, 1]
log	-1.0	[-1, -1]
particular	-1.0	[-1]
reporting	-1.0	[-1]
slopped	-1.0	[-1]
metal	-1.0	[-1]
box	-1.0	[-1, -1, -1, -1]
meaning	-1.0	[-1]
partially	-1.0	[-1]
stick	-0.6	[-1, -1, -1, -1, 1]
incidentally	-1.0	[-1]
occupy	-1.0	[-1]
cast	-1.0	[-1]
haul	-1.0	[-1, -1, -1, -1, -1, -1]
inflated	-1.0	[-1]
issues	-1.0	[-1]
entry	-1.0	[-1, -1, -1, -1]
lay	-0.3333333333333333	[-1, 1, -1]
country	-1.0	[-1, -1, -1]
certificate	-1.0	[-1, -1, -1, -1]
contain	-1.0	[-1, -1]
reasonable	-1.0	[-1]
albeit	-1.0	[-1]
shock	-1.0	[-1, -1]
horror	-1.0	[-1]
unchecked	-1.0	[-1]
attempt	-1.0	[-1, -1, -1, -1, -1, -1, -1]
assume	-1.0	[-1, -1, -1]
outgoing	-1.0	[-1, -1]
reject	-1.0	[-1]
freezing	-1.0	[-1]
encounter	0.0	[-1, 1]
undertake	-1.0	[-1, -1]
historically	-1.0	[-1]
summary	-1.0	[-1]
cane	0.0	[-1, 1]
hope	-0.6666666666666666	[-1, -1, -1, -1, 1, -1]
sadly	-0.3333333333333333	[-1, -1, 1]
ref	-1.0	[-1, -1]
ryzgeu	-1.0	[-1]
eticket	-1.0	[-1]
allocation	-1.0	[-1]
pax	-1.0	[-1]
spread	-1.0	[-1]
frequently	-1.0	[-1, -1, -1, -1, -1]
fabulous	1.0	[1, 1, 1, 1]
confuse	-1.0	[-1, -1, -1]
restriction	-1.0	[-1, -1]
expect	-0.875	[1, -1, -1, -1, -1, -1, -1, -1, -1, -1, -1, -1, -1, -1, -1, -1]
competent	1.0	[1]
dinner	0.0	[1, 1, -1, -1]
delicious	0.0	[1, -1]
act	-1.0	[-1, -1]
fod	-1.0	[-1]
borard	-1.0	[-1]
extremelly	-1.0	[-1]
unefficient	-1.0	[-1]
catch	-0.6	[-1, 1, -1, -1, -1]
wheel	-1.0	[-1, -1, -1, -1, -1]
usable	-1.0	[-1]
proceed	-1.0	[-1]
solution	-1.0	[-1, -1, -1, -1, -1, -1]
insistently	-1.0	[-1]
carryon	-0.8333333333333334	[-1, -1, -1, -1, -1, 0]
radio	-1.0	[-1]
silence	-1.0	[-1]
gift	-1.0	[-1, -1]
faith	-1.0	[-1]
dream	1.0	[1]
true	0.0	[1, -1]
liquid	-1.0	[-1]
refreshment	-1.0	[-1, -1, -1, -1]
plentiful	-1.0	[-1]
treat	0.3333333333333333	[-1, 1, 1]
shambolic	-1.0	[-1]
handicapped	1.0	[1]
wheelchair	1.0	[1, 1]
folk	-0.3333333333333333	[-1, -1, 1]
required	-1.0	[-1]
citizenship	-1.0	[-1]
limitation	-1.0	[-1]
corona	-0.3333333333333333	[1, -1, -1]
learn	1.0	[1]
phrase	1.0	[1]
attentive	0.3333333333333333	[1, -1, -1, 1, 1, 1]
type	-1.0	[-1, -1, -1, -1, -1, -1, -1]
documentation	-1.0	[-1]
fortune	-1.0	[-1]
compliance	-1.0	[-1, -1]
steer	-1.0	[-1]
potentially	-1.0	[-1]
ruin	-1.0	[-1, -1]
tag	-1.0	[-1, -1, -1, -1, -1, -1]
drag	-1.0	[-1, -1]
recheck	-1.0	[-1, -1]
jar	-1.0	[-1]
numerous	-1.0	[-1]
aback	-1.0	[-1]
longish	-1.0	[-1]
b	-1.0	[-1, -1, -1, -1]
attach	-1.0	[-1, -1]
product	-1.0	[-1, -1]
page	0.0	[-1, 1]
optional	-1.0	[-1]
worth	-0.3333333333333333	[-1, -1, 1]
uninterested	-1.0	[-1]
avoid	-1.0	[-1, -1, -1]
closed	-1.0	[-1]
reliable	1.0	[1]
punctual	0.0	[1, -1]
thoughtful	1.0	[1]
mar	-1.0	[-1]
loss	-1.0	[-1, -1, -1]
oversized	-1.0	[-1]
bc	-1.0	[-1, -1, -1]
proof	-1.0	[-1, -1, -1, -1, -1]
black	-1.0	[-1, -1]
bagpack	-1.0	[-1]
shape	-1.0	[-1]
massage	-1.0	[-1]
tie	-1.0	[-1, -1]
icelandiar	-1.0	[-1]
approach	-1.0	[-1]
inquiry	-1.0	[-1, -1]
urgently	-1.0	[-1, -1]
action	-1.0	[-1, -1]
smoothly	0.6	[-1, 1, 1, 1, 1]
congestion	-1.0	[-1]
inefficient	-1.0	[-1]
erw	-1.0	[-1]
operate	-1.0	[-1, -1, -1]
refuse	-1.0	[-1, -1, -1, -1, -1]
clarify	-1.0	[-1]
portion	-0.3333333333333333	[-1, -1, 1]
success	1.0	[1]
courtesy	0.0	[1, -1, -1, 1]
friendliness	1.0	[1, 1]
interested	-1.0	[-1, -1]
onflight	-1.0	[-1]
timid	-1.0	[-1]
choose	-0.7777777777777778	[-1, -1, 1, -1, -1, -1, -1, -1, -1]
gardaemon	-1.0	[-1]
rave	-1.0	[-1]
year	-0.3333333333333333	[-1, 1, -1]
opportunity	-0.7777777777777778	[-1, -1, -1, -1, -1, -1, 1, -1, -1]
real	-1.0	[-1, -1, -1]
subsequent	-1.0	[-1, -1]
incur	-1.0	[-1, -1, -1]
dog	-1.0	[-1, -1, -1]
sitter	-1.0	[-1]
unheard	-1.0	[-1, -1]
bare	-1.0	[-1, -1]
minimum	-1.0	[-1, -1]
critique	-1.0	[-1]
dismissive	-1.0	[-1]
solid	-1.0	[-1, -1]
guideline	-1.0	[-1, -1]
suggest	-1.0	[-1, -1]
put	-1.0	[-1, -1]
post	-1.0	[-1, -1]
incoming	-1.0	[-1]
guide	-1.0	[-1]
capital	-1.0	[-1]
outlay	-1.0	[-1]
prohibitive	-1.0	[-1]
eliminate	-1.0	[-1, -1]
suitcase	-1.0	[-1, -1, -1, -1, -1, -1]
letter	-1.0	[-1]
stopover	-0.3333333333333333	[1, -1, -1]
safety	-0.5	[-1, -1, -1, 1]
sense	-0.5	[-1, -1, 1, -1]
submit	-1.0	[-1, -1, -1]
ahead	-1.0	[-1, -1, -1]
print	-1.0	[-1, -1]
kiosk	-1.0	[-1]
verify	0.0	[-1, 1]
evaluate	-1.0	[-1, -1, -1]
pointless	-1.0	[-1]
story	-1.0	[-1]
obtain	-1.0	[-1]
exact	-1.0	[-1]
missed	-1.0	[-1]
attitude	-1.0	[-1]
plug	-1.0	[-1, -1]
device	-1.0	[-1]
miserable	-1.0	[-1, -1, -1]
badly	-1.0	[-1, -1, -1, -1, -1]
behave	-1.0	[-1]
prevent	-1.0	[-1]
pause	-1.0	[-1]
turbulence	-0.42857142857142855	[-1, 1, -1, -1, -1, -1, 1]
concession	-1.0	[-1]
offset	-1.0	[-1, -1]
cooperation	-1.0	[-1]
aa	-1.0	[-1]
guest	-1.0	[-1, -1, -1]
expand	-1.0	[-1, -1]
tv	-1.0	[-1, -1, -1, -1, -1, -1, -1, -1]
example	-1.0	[-1, -1, -1]
audible	-1.0	[-1]
movement	-1.0	[-1]
plain	-0.3333333333333333	[1, -1, -1]
salmon	1.0	[1]
verification	-1.0	[-1]
duffle	-1.0	[-1]
odd	-1.0	[-1, -1]
sized	-1.0	[-1, -1]
bagage	-0.3333333333333333	[-1, -1, 1]
add	-1.0	[-1, -1, -1, -1, -1, -1, -1, -1, -1, -1, -1, -1]
step	0.0	[-1, -1, 1, 1]
differently	-1.0	[-1, -1, -1]
disability	0.0	[-1, 1, 1, -1]
automatic	-1.0	[-1]
canceld	-1.0	[-1]
star	-1.0	[-1, -1]
alliance	-1.0	[-1, -1]
insane	-1.0	[-1]
att	-1.0	[-1]
friend	-1.0	[-1, -1, -1, -1, -1, -1, -1, -1]
fort	-1.0	[-1]
umpleasant	-1.0	[-1]
waiting	-1.0	[-1, -1, -1, -1]
drip	-1.0	[-1, -1]
ceiling	-1.0	[-1]
tissue	-1.0	[-1, -1, -1, -1, -1]
thankfully	-1.0	[-1, -1]
wet	-1.0	[-1]
hair	-1.0	[-1]
sweater	-1.0	[-1]
pant	-1.0	[-1]
advise	-1.0	[-1, -1]
bar	-1.0	[-1, -1, -1, -1]
frequent	-1.0	[-1]
baguette	-1.0	[-1]
butter	-1.0	[-1]
jews	-1.0	[-1]
dirty	-1.0	[-1, -1, -1, -1]
seatbelt	-1.0	[-1]
tray	-1.0	[-1, -1, -1, -1]
table	-1.0	[-1, -1, -1, -1, -1, -1, -1]
trace	-1.0	[-1]
orange	-1.0	[-1]
substance	-1.0	[-1]
additionally	-1.0	[-1, -1, -1]
essentially	-1.0	[-1]
package	-0.7142857142857143	[-1, -1, -1, -1, -1, -1, 1]
advertise	-1.0	[-1, -1]
separately	-1.0	[-1, -1, -1]
continue	1.0	[1, 1, 1]
impress	1.0	[1, 1]
ease	0.0	[1, -1]
alternative	0.0	[1, -1]
arrangement	1.0	[1, 1]
confidence	0.0	[1, -1]
matter	-0.5	[1, -1, -1, -1]
bump	-0.3333333333333333	[1, -1, -1]
road	1.0	[1]
hostess	-0.3333333333333333	[-1, -1, 1]
communique	-1.0	[-1]
volume	-1.0	[-1, -1, -1]
low	-1.0	[-1, -1, -1, -1, -1]
knee	0.0	[-1, 1]
injury	-1.0	[-1, -1]
fortunately	-1.0	[-1]
figure	-1.0	[-1, -1, -1, -1, -1, -1]
adress	-1.0	[-1]
reflection	-1.0	[-1]
manufacturer	-1.0	[-1]
comfort	-0.42857142857142855	[-1, -1, -1, 1, -1, -1, 1]
natural	-1.0	[-1]
padding	-1.0	[-1]
blanket	-1.0	[-1, -1, -1, -1, -1, -1]
complaint	-0.7142857142857143	[-1, -1, -1, -1, 1, -1, -1]
prepaid	-1.0	[-1]
fur	-1.0	[-1]
ear	-1.0	[-1, -1, -1]
appealing	-1.0	[-1]
humane	-1.0	[-1]
duty	-1.0	[-1, -1, -1, -1, -1, -1]
policy	-1.0	[-1, -1, -1, -1, -1, -1, -1, -1, -1, -1, -1]
save	-0.5	[-1, -1, 1, -1]
expansive	-1.0	[-1]
washroom	-1.0	[-1]
urgency	-1.0	[-1]
advantagous	-1.0	[-1]
benefit	-1.0	[-1]
doubt	-1.0	[-1, -1]
reorganize	-1.0	[-1]
anymore	-1.0	[-1, -1]
officially	-1.0	[-1, -1]
organizing	-1.0	[-1]
suddenly	-1.0	[-1, -1]
contribute	1.0	[1, 1]
positive	0.2	[1, 1, -1, -1, 1]
impact	-0.5	[1, -1, -1, -1]
hungry	-1.0	[-1, -1, -1, -1, -1, -1, -1]
got	-0.6363636363636364	[-1, 1, -1, 1, -1, -1, -1, -1, -1, -1, -1]
mechanical	0.0	[-1, 1, 1, -1]
offboarde	-1.0	[-1, -1]
swap	-1.0	[-1]
uncomfortably	-1.0	[-1, -1]
walk	-0.8	[-1, -1, -1, -1, -1, -1, 1, -1, -1, -1]
ridiculously	-1.0	[-1]
represent	-1.0	[-1]
actual	-1.0	[-1, -1]
bin	-0.3333333333333333	[-1, -1, -1, -1, 1, 1]
disappoint	-1.0	[-1, -1, -1, -1]
sick	-1.0	[-1, -1, -1]
coughing	-1.0	[-1]
sneeze	-1.0	[-1, -1]
pearson	-1.0	[-1]
barcode	-0.6	[-1, -1, -1, -1, 1]
review	0.0	[-1, 1]
anyways	-1.0	[-1]
quarantine	-1.0	[-1]
immediate	-1.0	[-1]
vicinity	-1.0	[-1]
exibite	-1.0	[-1]
symtom	-1.0	[-1]
miracle	-1.0	[-1]
vaccinate	0.0	[1, -1]
obviously	-1.0	[-1, -1]
virus	-1.0	[-1]
symptom	-1.0	[-1, -1]
better	-1.0	[-1]
register	-1.0	[-1]
currently	-1.0	[-1]
checking	-1.0	[-1]
unlikely	-1.0	[-1, -1]
exceed	1.0	[1]
expectation	1.0	[1]
toilet	-1.0	[-1, -1]
cebine	-1.0	[-1]
promote	-1.0	[-1, -1]
anybody	-1.0	[-1, -1]
waitingroom	-1.0	[-1]
boardingtime	-1.0	[-1]
loudspeaker	-1.0	[-1]
steward	0.2	[-1, 1, -1, 1, 1]
hardly	-1.0	[-1]
sound	-1.0	[-1]
compensate	-1.0	[-1, -1]
endure	-1.0	[-1]
ought	-1.0	[-1]
stead	-1.0	[-1, -1]
clerk	-1.0	[-1]
shout	-1.0	[-1]
opening	-1.0	[-1, -1, -1]
akin	-1.0	[-1]
discount	-1.0	[-1, -1, -1]
postpone	1.0	[1]
arrange	0.3333333333333333	[1, -1, 1]
shuttle	-0.7142857142857143	[1, -1, -1, -1, -1, -1, -1]
enjoyable	-1.0	[-1]
crack	-1.0	[-1]
image	-1.0	[-1, -1]
bose	-1.0	[-1]
luckily	-1.0	[-1]
thankful	0.3333333333333333	[-1, 1, 1]
bumpy	-1.0	[-1]
son	-1.0	[-1, -1, -1, -1, -1]
car	-1.0	[-1, -1, -1]
rough	-1.0	[-1, -1, -1, -1]
hall	-1.0	[-1]
stiff	-1.0	[-1]
flap	-1.0	[-1]
cradle	-1.0	[-1]
raise	-1.0	[-1]
fall	-1.0	[-1, -1, -1, -1, -1]
position	-1.0	[-1, -1]
depart	-1.0	[-1, -1, -1, -1, -1, -1]
rain	-1.0	[-1]
consumption	-1.0	[-1]
view	0.0	[1, -1]
breathtake	1.0	[1]
e	-0.5	[-1, 1, -1, -1]
insist	-1.0	[-1]
hell	-1.0	[-1]
basically	-1.0	[-1, -1, -1]
tiring	-1.0	[-1, -1]
regularly	0.6666666666666666	[0, 1, 1]
usually	-0.5	[0, -1]
decison	0.0	[0]
weigh	-0.25	[0, -1, -1, 1]
piece	-1.0	[-1, -1, -1]
advice	-1.0	[-1, -1]
united	-1.0	[-1]
cancellation	-1.0	[-1, -1, -1]
stopp	-1.0	[-1]
over	-1.0	[-1]
conflicted	-1.0	[-1]
lean	-1.0	[-1, -1]
lap	-1.0	[-1, -1]
error	-1.0	[-1]
scared	0.0	[1, -1]
link	0.5	[1, 0]
specially	0.3333333333333333	[1, -1, 1]
uncertainty	0.0	[1, -1]
storm	0.0	[1, -1]
vital	1.0	[1]
remove	-0.2	[1, -1, -1, -1, 1]
unsettled	1.0	[1]
inspite	1.0	[1]
memorable	1.0	[1, 1]
god	0.0	[1, -1]
bless	0.0	[1, -1]
power	1.0	[1]
pleased	0.3333333333333333	[1, 1, -1]
infant	-0.3333333333333333	[-1, 1, -1]
blame	-1.0	[-1, -1]
g	-1.0	[-1]
figuere	-1.0	[-1]
emergince	-1.0	[-1]
ey	-1.0	[-1]
u	-1.0	[-1, -1]
progress	-1.0	[-1, -1]
camcel	1.0	[1]
invalid	-1.0	[-1]
realy	-1.0	[-1, -1]
element	-1.0	[-1]
sort	-1.0	[-1, -1]
probably	-1.0	[-1, -1, -1]
couple	-1.0	[-1, -1]
howl	-1.0	[-1]
cancelltion	-1.0	[-1]
adjust	-1.0	[-1]
valid	-1.0	[-1, -1]
surprising	-1.0	[-1]
location	-1.0	[-1, -1, -1]
training	-1.0	[-1, -1]
onboatd	1.0	[1]
personel	-1.0	[-1]
cab	-1.0	[-1]
occasion	-0.5	[-1, -1, 1, -1]
speaker	-1.0	[-1, -1]
muffled	-1.0	[-1]
alliwe	-1.0	[-1]
flugfreyja	1.0	[1]
me	1.0	[1]
hjlpsm	1.0	[1]
preferred	1.0	[1]
competitive	1.0	[1]
jan	-1.0	[-1]
understandable	-0.3333333333333333	[-1, -1, 1]
desire	-1.0	[-1]
kid	-1.0	[-1, -1, -1, -1, -1]
medical	0.0	[1, -1]
emergency	0.0	[1, -1]
rubberneck	1.0	[1]
wanderer	1.0	[1]
dignit	1.0	[1]
privacy	1.0	[1]
fir	1.0	[1]
soul	1.0	[1]
doctor	1.0	[1]
sad	-0.3333333333333333	[1, -1, -1]
certain	-0.5	[-1, 1, -1, -1]
kick	-1.0	[-1, -1]
scream	-1.0	[-1, -1]
painful	-1.0	[-1, -1]
subject	-1.0	[-1, -1]
determine	-1.0	[-1, -1]
delivery	-1.0	[-1, -1]
border	-0.7142857142857143	[-1, -1, -1, -1, -1, -1, 1]
crossing	-1.0	[-1]
entirely	-1.0	[-1, -1]
collect	-1.0	[-1, -1]
stow	-1.0	[-1, -1, -1]
pocket	-1.0	[-1]
usd	-1.0	[-1]
bij	-1.0	[-1]
middel	-1.0	[-1]
s	-1.0	[-1, -1, -1, -1]
bid	-1.0	[-1, -1, -1]
decline	-1.0	[-1, -1, -1, -1]
discouraging	-1.0	[-1, -1]
awesome	-1.0	[-1]
show	-0.6	[-1, -1, -1, -1, 1]
originally	-1.0	[-1, -1]
suppose	-1.0	[-1, -1, -1, -1, -1, -1]
souvenir	-1.0	[-1]
chocolate	-1.0	[-1]
racist	-1.0	[-1]
aggressive	-1.0	[-1]
welcome	-1.0	[-1, -1, -1, -1, -1]
harass	-1.0	[-1]
airpilot	1.0	[1]
produce	-1.0	[-1, -1]
instruction	-1.0	[-1, -1]
reality	-1.0	[-1, -1]
inspection	-1.0	[-1]
patient	1.0	[1, 1]
praise	1.0	[1]
interfere	-1.0	[-1]
ability	-1.0	[-1, -1]
tablet	-1.0	[-1]
laptop	-1.0	[-1]
rhe	-1.0	[-1]
auction	1.0	[1]
observe	0.0	[1, -1]
lavatory	1.0	[1, 1]
briefly	1.0	[1]
exactly	-0.3333333333333333	[1, -1, -1]
shut	1.0	[1]
cleanup	1.0	[1]
impressive	1.0	[1]
generate	-1.0	[-1]
rehydrated	-1.0	[-1]
vegetable	-1.0	[-1]
cook	-1.0	[-1, -1]
vomit	-1.0	[-1, -1]
fresh	-1.0	[-1, -1, -1]
veggie	-1.0	[-1]
yrs	-1.0	[-1]
cellphone	-1.0	[-1]
permanently	-1.0	[-1]
await	-1.0	[-1]
recovery	-1.0	[-1]
round	-0.3333333333333333	[-1, 1, -1, 1, -1, -1]
shine	-1.0	[-1]
fleet	-1.0	[-1, -1, -1]
exit	-1.0	[-1]
accord	-1.0	[-1]
stowe	-1.0	[-1]
cabinbag	-1.0	[-1]
boore	-1.0	[-1]
suitable	0.0	[1, -1]
consistently	1.0	[1]
wipe	-1.0	[-1, -1]
balance	-1.0	[-1]
inexpensive	-1.0	[-1]
pricing	-1.0	[-1]
skimp	-1.0	[-1]
ideal	-1.0	[-1]
inadequate	-1.0	[-1]
initial	-1.0	[-1, -1]
addition	-1.0	[-1, -1]
beverage	-0.5	[-1, -1, 1, -1]
squarely	-1.0	[-1]
relatively	-1.0	[-1]
sparse	-1.0	[-1]
feature	-1.0	[-1]
deny	-1.0	[-1, -1, -1, -1]
corrective	-1.0	[-1]
seek	-1.0	[-1]
compensation	-1.0	[-1, -1, -1, -1, -1]
critical	-1.0	[-1]
component	-1.0	[-1]
minimally	-1.0	[-1]
average	0.0	[-1, 1]
on	-1.0	[-1]
flt	1.0	[1]
fellow	-1.0	[-1]
passanger	-1.0	[-1, -1, -1, -1, -1]
speed	0.0	[-1, 1, 1, -1]
significantly	-1.0	[-1]
cart	-1.0	[-1, -1, -1]
block	-1.0	[-1]
modification	-1.0	[-1, -1]
voice	-1.0	[-1]
discuss	-1.0	[-1]
heavy	-1.0	[-1]
opinion	-1.0	[-1, -1]
unsatisfy	-1.0	[-1]
westjet	-0.7777777777777778	[-1, -1, -1, -1, -1, -1, -1, -1, 1]
cancelation	-1.0	[-1, -1]
mutch	-1.0	[-1]
quebec	-1.0	[-1]
hotline	-1.0	[-1]
reatch	-1.0	[-1]
facebook	-1.0	[-1]
mn	-1.0	[-1]
hide	-1.0	[-1]
informe	-1.0	[-1]
propose	-1.0	[-1]
curtain	-1.0	[-1]
pick	-0.5	[-1, -1, -1, 1]
napkin	-1.0	[-1]
washing	-1.0	[-1]
inbetween	-1.0	[-1]
dining	-1.0	[-1]
tables	-1.0	[-1]
club	-1.0	[-1, -1]
handler	-1.0	[-1]
grubby	-1.0	[-1]
te	-1.0	[-1]
floor	-1.0	[-1, -1, -1, -1]
navigation	-1.0	[-1]
unconfortable	-1.0	[-1]
airtrain	-1.0	[-1]
challenging	-1.0	[-1]
extended	-1.0	[-1]
onward	1.0	[1]
satisfaction	1.0	[1]
damn	-1.0	[-1]
precaution	-1.0	[-1]
disregarded	-1.0	[-1]
pack	-1.0	[-1, -1, -1, -1, -1, -1, -1, -1]
drive	-1.0	[-1]
stressfull	-1.0	[-1]
environment	-1.0	[-1]
inconsistent	-1.0	[-1, -1, -1]
detest	-1.0	[-1]
remind	0.0	[-1, 1]
atrocious	-1.0	[-1]
tax	-1.0	[-1]
upfront	-1.0	[-1]
pesky	-1.0	[-1]
shop	-1.0	[-1, -1, -1]
accurate	0.0	[-1, 1]
spare	1.0	[1]
lake	-1.0	[-1]
buck	-1.0	[-1]
aside	-1.0	[-1]
obscure	-1.0	[-1]
general	-0.3333333333333333	[-1, 1, -1]
dislike	-1.0	[-1, -1]
prefer	-1.0	[-1]
address	-0.3333333333333333	[-1, 1, -1]
asleep	-1.0	[-1]
zone	-0.6	[-1, 1, -1, -1, -1]
wake	-0.3333333333333333	[-1, -1, 1]
reprint	-1.0	[-1]
turnstile	-1.0	[-1]
backup	-1.0	[-1]
sufficient	-1.0	[-1]
message	-1.0	[-1, -1, -1]
swat	-1.0	[-1]
energy	-1.0	[-1]
main	-1.0	[-1, -1, -1, -1]
locator	-1.0	[-1]
spoil	-1.0	[-1]
equip	-1.0	[-1, -1]
traveller	-1.0	[-1, -1]
beter	-1.0	[-1]
specify	-1.0	[-1]
flyght	-1.0	[-1]
os	-1.0	[-1]
bead	-1.0	[-1]
airway	-1.0	[-1]
physically	-1.0	[-1]
present	0.3333333333333333	[-1, 1, 1]
lamb	-1.0	[-1, -1]
stew	-1.0	[-1]
inedible	-1.0	[-1, -1]
congratulation	1.0	[1]
protrusion	-1.0	[-1]
store	-1.0	[-1]
bind	-1.0	[-1]
member	-0.6	[-1, -1, -1, -1, 1]
similarly	-1.0	[-1]
self	-1.0	[-1, -1]
signpost	-1.0	[-1]
crowd	-1.0	[-1, -1, -1, -1, -1]
mill	-1.0	[-1]
diagram	-1.0	[-1]
discomfort	-1.0	[-1, -1]
button	-1.0	[-1]
release	-1.0	[-1]
switch	0.0	[-1, 1]
receipt	-1.0	[-1, -1, -1]
medication	-1.0	[-1]
phoneline	-1.0	[-1]
horrific	-1.0	[-1, -1]
approx	-0.5	[-1, -1, -1, 1]
trash	-1.0	[-1]
lavaratory	-1.0	[-1]
appal	-1.0	[-1]
tiny	-1.0	[-1, -1, -1]
cough	-1.0	[-1, -1, -1]
pour	-1.0	[-1]
unit	-1.0	[-1]
rating	1.0	[1]
unavailable	-1.0	[-1]
criterion	-1.0	[-1, -1, -1]
remotely	-1.0	[-1]
proctor	-1.0	[-1]
undue	-1.0	[-1]
uploading	-1.0	[-1]
version	-1.0	[-1]
subtitle	-1.0	[-1, -1, -1]
film	-1.0	[-1, -1]
culture	-1.0	[-1]
fascinating	-1.0	[-1]
comfy	0.0	[-1, 1]
cushion	-1.0	[-1, -1]
fucking	-1.0	[-1]
peanut	-1.0	[-1]
cracker	-1.0	[-1, -1]
unethical	-1.0	[-1]
soda	-1.0	[-1, -1]
inconvenient	-1.0	[-1, -1, -1, -1, -1, -1]
similar	-1.0	[-1]
bench	-1.0	[-1]
restroom	-1.0	[-1, -1]
liquity	-1.0	[-1]
motion	-1.0	[-1]
sickness	-1.0	[-1]
dizzy	-1.0	[-1]
exceptionally	-1.0	[-1]
caring	-1.0	[-1]
user	-1.0	[-1, -1, -1, -1]
facility	-1.0	[-1]
neat	-1.0	[-1]
interaction	-1.0	[-1]
reseating	-1.0	[-1]
mis	-1.0	[-1]
fraught	-1.0	[-1]
mistake	-1.0	[-1]
fustrate	-1.0	[-1]
botched	-1.0	[-1]
worried	0.0	[1, -1]
spike	1.0	[1]
smoothness	1.0	[1]
massively	1.0	[1]
btw	1.0	[1]
immaculate	1.0	[1]
pcr	-0.3333333333333333	[1, -1, -1]
thumb	1.0	[1]
pleasurable	1.0	[1]
prioritise	1.0	[1]
sister	0.0	[1, -1]
distraught	1.0	[1]
law	-1.0	[-1]
mandate	-1.0	[-1, -1, -1]
whilst	-0.2	[-1, -1, -1, 1, 1]
isle	-1.0	[-1]
enforce	-0.3333333333333333	[-1, 1, -1]
blatantly	-1.0	[-1]
disregard	-1.0	[-1]
dead	-1.0	[-1]
auto	1.0	[1]
system	1.0	[1]
spam	0.0	[1, -1]
folder	1.0	[1]
inbox	0.0	[1, -1]
difficulty	0.0	[1, -1]
lunch	-0.3333333333333333	[1, -1, -1]
respectful	-0.3333333333333333	[1, -1, -1]
special	0.0	[-1, 1]
questionnaire	-1.0	[-1]
glitchy	-1.0	[-1]
significant	-1.0	[-1, -1, -1]
challenge	-1.0	[-1]
baggae	-1.0	[-1]
bank	-1.0	[-1]
tip	-1.0	[-1]
iceberg	-1.0	[-1]
generous	-1.0	[-1, -1]
allowance	-1.0	[-1, -1, -1]
living	-1.0	[-1]
offerend	-1.0	[-1]
showen	-1.0	[-1]
quee	-1.0	[-1]
costumer	-1.0	[-1]
sardine	-1.0	[-1]
exchange	-1.0	[-1, -1]
daytime	-1.0	[-1]
flexibility	0.0	[1, -1]
reroute	-0.3333333333333333	[1, -1, -1]
important	0.0	[1, -1]
uncertain	1.0	[1]
relocate	-1.0	[-1]
anther	-1.0	[-1]
diffinatly	1.0	[1]
fight	0.0	[1, -1]
site	-1.0	[-1]
eventually	-1.0	[-1, -1]
bypass	-1.0	[-1]
doorway	-1.0	[-1]
underseat	-1.0	[-1]
pas	-1.0	[-1]
official	-1.0	[-1]
seriously	-1.0	[-1]
pretend	-1.0	[-1]
code	-1.0	[-1, -1, -1, -1]
samsonite	-1.0	[-1]
deep	-1.0	[-1]
scratch	-1.0	[-1]
margin	-1.0	[-1]
outward	-1.0	[-1, -1]
feeder	-1.0	[-1]
unprofessional	-1.0	[-1]
jacket	-1.0	[-1, -1]
pathetic	-1.0	[-1]
unbelievable	-1.0	[-1]
overcome	1.0	[1]
local	1.0	[1]
fatigue	1.0	[1]
mainstream	-1.0	[-1]
smile	0.3333333333333333	[1, -1, 1]
freeze	1.0	[1]
horrid	-1.0	[-1]
crowding	-1.0	[-1]
continuously	-1.0	[-1]
medicine	-1.0	[-1]
accessible	-1.0	[-1]
roundtrip	-1.0	[-1]
aged	-1.0	[-1]
feed	-1.0	[-1]
belong	-1.0	[-1]
foot	-1.0	[-1, -1, -1, -1, -1]
interrupt	-1.0	[-1]
storage	-1.0	[-1, -1]
maker	-1.0	[-1]
lazy	-1.0	[-1]
generously	-1.0	[-1]
alcohol	-1.0	[-1]
sadden	-1.0	[-1]
politeness	-1.0	[-1]
aboard	-1.0	[-1]
irrational	-1.0	[-1]
consequence	-1.0	[-1]
keen	-1.0	[-1]
overpack	-1.0	[-1]
detriment	-1.0	[-1]
accessibility	-1.0	[-1]
feasible	-1.0	[-1]
intense	-1.0	[-1]
stomach	-1.0	[-1, -1]
ache	-1.0	[-1]
easily	-1.0	[-1]
becasue	-1.0	[-1]
die	-1.0	[-1]
match	-1.0	[-1, -1]
a	0.0	[-1, 1]
virtist	-1.0	[-1]
flki	-1.0	[-1]
a	0.0	[-1, 1]
tengjast	-1.0	[-1]
	-1.0	[-1]
flugvlinni	-1.0	[-1]
all	-1.0	[-1]
possibility	-1.0	[-1, -1]
catering	-1.0	[-1]
banking	-1.0	[-1]
statement	-1.0	[-1]
accounting	-1.0	[-1]
department	-1.0	[-1]
discovery	-1.0	[-1]
billing	-1.0	[-1]
mail	-1.0	[-1]
domestic	-1.0	[-1, -1]
helsinki	-1.0	[-1]
funeral	-1.0	[-1]
strict	-1.0	[-1]
sport	1.0	[1]
infotainment	-1.0	[-1]
collpase	-1.0	[-1]
voluntarily	-1.0	[-1]
discus	-1.0	[-1]
patrick	-1.0	[-1]
appropriately	-1.0	[-1, -1]
shot	-1.0	[-1]
application	-1.0	[-1]
excess	-1.0	[-1]
gluten	-1.0	[-1]
dairy	-1.0	[-1]
compress	-1.0	[-1]
dump	-1.0	[-1]
heat	-1.0	[-1]
clueless	-1.0	[-1]
demand	-1.0	[-1]
prepared	-1.0	[-1]
internet	-1.0	[-1]
network	-1.0	[-1]
waste	-1.0	[-1, -1, -1, -1, -1]
recommendation	-1.0	[-1]
waive	-1.0	[-1]
curt	-1.0	[-1]
unwilling	-1.0	[-1]
incident	-1.0	[-1]
distribute	-1.0	[-1]
minus	-1.0	[-1]
realise	-1.0	[-1]
thirsty	-1.0	[-1, -1, -1]
attendent	-1.0	[-1]
gloss	-1.0	[-1]
pretzel	-1.0	[-1, -1]
cookie	-1.0	[-1, -1]
irritate	-1.0	[-1]
connectivity	-1.0	[-1]
excursion	-1.0	[-1]
centre	-1.0	[-1]
ba	-1.0	[-1]
connective	-1.0	[-1]
reply	-1.0	[-1, -1, -1]
rapid	-1.0	[-1]
screw	-1.0	[-1]
tour	-1.0	[-1, -1, -1]
lh	-1.0	[-1]
obsolete	-1.0	[-1]
level	-1.0	[-1, -1, -1]
companion	-1.0	[-1]
array	1.0	[1]
avatar	1.0	[1]
unexpected	1.0	[1, 1]
survey	1.0	[1]
back	-1.0	[-1]
reinforce	-1.0	[-1]
hoid	-1.0	[-1]
fastfood	-1.0	[-1]
expencive	-1.0	[-1]
sserf	-1.0	[-1]
gn	-1.0	[-1]
enthousiaste	-1.0	[-1]
aire	-1.0	[-1]
usb	-1.0	[-1]
c	-1.0	[-1]
contradict	-1.0	[-1]
deaf	-1.0	[-1]
blind	-1.0	[-1]
reflect	-1.0	[-1, -1]
en	-1.0	[-1]
unnessisary	-1.0	[-1]
departing	0.0	[-1, 1]
anxiety	0.0	[1, -1]
collection	1.0	[1]
f	-1.0	[-1]
couli	-1.0	[-1]
backseat	-1.0	[-1]
honestly	1.0	[1]
pure	-1.0	[-1]
laziness	-1.0	[-1]
cushioning	-1.0	[-1]
configuration	-1.0	[-1, -1, -1]
gentleman	-1.0	[-1]
interact	1.0	[1, 1]
employ	1.0	[1]
accommodate	1.0	[1, 1, 1, 1]
claustrophobic	-1.0	[-1, -1]
emulate	-1.0	[-1]
carrier	-1.0	[-1, -1, -1]
lounger	1.0	[1]
unforgettably	1.0	[1]
relaxing	1.0	[1]
disapointing	-1.0	[-1]
adrink	-1.0	[-1]
amusement	-1.0	[-1]
park	-1.0	[-1, -1, -1]
scare	-1.0	[-1]
reimburse	-1.0	[-1, -1, -1, -1]
roughest	-1.0	[-1]
scary	-1.0	[-1]
client	-1.0	[-1, -1]
extend	-1.0	[-1]
comparison	-1.0	[-1]
chart	-1.0	[-1]
dollar	-1.0	[-1]
disclaimer	-1.0	[-1]
cash	-1.0	[-1]
slightly	-1.0	[-1]
protein	-1.0	[-1]
randomly	-1.0	[-1, -1]
walkway	-1.0	[-1]
wonder	-0.5	[-1, -1, 1, -1]
pleasantly	-1.0	[-1]
inadequately	-1.0	[-1]
preparation	-1.0	[-1]
unwanted	-1.0	[-1]
public	-1.0	[-1]
convince	-1.0	[-1]
conversation	-1.0	[-1, -1]
tot	-1.0	[-1]
stupid	-1.0	[-1, -1]
wreight	-1.0	[-1]
midway	0.0	[-1, 1]
wide	-1.0	[-1]
awake	-1.0	[-1]
patiently	-1.0	[-1]
retreat	-1.0	[-1]
machine	-1.0	[-1]
medium	-1.0	[-1, -1]
joke	-1.0	[-1]
fraction	-1.0	[-1]
bud	-1.0	[-1]
draft	-1.0	[-1]
beer	-1.0	[-1]
mass	-1.0	[-1]
tap	-1.0	[-1]
repeatedly	-1.0	[-1]
seamless	-1.0	[-1]
resolve	-1.0	[-1, -1]
subsequently	-1.0	[-1]
furthermore	-1.0	[-1]
initially	-1.0	[-1, -1, -1]
father	-1.0	[-1]
naturally	-1.0	[-1]
tough	-1.0	[-1, -1]
industry	-1.0	[-1]
cutting	-1.0	[-1]
measure	-1.0	[-1]
frankly	-1.0	[-1]
stock	-1.0	[-1]
somewhat	-1.0	[-1]
fire	-1.0	[-1]
prepare	0.0	[-1, 1]
tailbone	-1.0	[-1]
bruise	-1.0	[-1]
ft	-1.0	[-1]
comfortably	-1.0	[-1]
edge	-1.0	[-1]
impediment	-1.0	[-1]
refer	0.0	[1, -1]
helpfull	1.0	[1]
arise	1.0	[1]
ridiculous	-1.0	[-1, -1, -1]
associate	-1.0	[-1]
reheated	-1.0	[-1]
nasty	-1.0	[-1]
absolute	-1.0	[-1]
okay	0.0	[-1, 1]
insect	-1.0	[-1]
bite	-1.0	[-1]
instance	-1.0	[-1]
habe	-1.0	[-1]
queen	-1.0	[-1]
false	-1.0	[-1]
inpatient	-1.0	[-1]
sarcastic	-1.0	[-1, -1]
teach	-1.0	[-1]
skill	-1.0	[-1]
politely	-1.0	[-1]
belittle	-1.0	[-1]
groomed	1.0	[1]
simplicity	-1.0	[-1]
cat	-1.0	[-1]
undress	-1.0	[-1]
genuine	1.0	[1]
intes	1.0	[1]
sandiwch	-1.0	[-1]
stale	-1.0	[-1]
bread	-1.0	[-1, -1]
edible	-1.0	[-1]
fresher	-1.0	[-1]
apology	-1.0	[-1]
supply	-1.0	[-1]
infect	-1.0	[-1]
loo	-1.0	[-1]
lucky	-1.0	[-1]
content	-1.0	[-1]
reiterate	1.0	[1]
calling	1.0	[1]
anytimr	1.0	[1]
offside	-1.0	[-1]
tterminal	-1.0	[-1]
tunnel	-1.0	[-1]
ahold	-1.0	[-1]
ta	-1.0	[-1]
pote	-1.0	[-1]
entertainement	-1.0	[-1]
dispose	-1.0	[-1]
tuna	-1.0	[-1]
fish	-1.0	[-1, -1]
overkill	-1.0	[-1]
tempting	-1.0	[-1]
cafeteria	-1.0	[-1]
immigration	-1.0	[-1]
alot	-1.0	[-1]
indication	-1.0	[-1, -1]
parking	-1.0	[-1]
intercontinental	-1.0	[-1]
k	-1.0	[-1]
america	-1.0	[-1]
savvy	1.0	[1]
cafe	1.0	[1]
host	1.0	[1]
minded	0.0	[-1, 1]
intermittent	-1.0	[-1]
dry	-1.0	[-1]
cardboard	-1.0	[-1]
fligh	1.0	[1]
ist	1.0	[1]
lang	1.0	[1]
part	0.0	[1, -1]
unhelpful	-1.0	[-1]
camper	-1.0	[-1]
leak	-1.0	[-1, -1]
seiling	-1.0	[-1]
stiffe	-1.0	[-1]
reputation	-1.0	[-1]
aid	0.0	[1, -1]
status	1.0	[1, 1]
flee	-1.0	[-1]
rent	-1.0	[-1]
private	-1.0	[-1]
function	-1.0	[-1]
console	-1.0	[-1]
hole	-1.0	[-1]
jump	-1.0	[-1]
forth	-1.0	[-1]
shrug	-1.0	[-1]
sllbthe	1.0	[1]
utilize	-1.0	[-1]
n	-1.0	[-1]
felt	-1.0	[-1]
chore	-1.0	[-1]
considerate	1.0	[1]
compassionate	1.0	[1]
secure	1.0	[1]
port	1.0	[1]
signal	-1.0	[-1]
transparent	0.0	[0]
organised	-1.0	[-1]
disastrous	-1.0	[-1]
uk	-1.0	[-1]
brilliant	-1.0	[-1]
respect	-1.0	[-1]
unload	-1.0	[-1]
piss	-1.0	[-1]
design	-1.0	[-1]
formality	-1.0	[-1]
white	-1.0	[-1]
strain	-1.0	[-1]
cleaning	-1.0	[-1]
custody	-1.0	[-1]
abort	-1.0	[-1]
onse	-1.0	[-1]
cabindoor	-1.0	[-1]
thet	-1.0	[-1]
rigt	-1.0	[-1]
etch	-1.0	[-1]
otter	-1.0	[-1]
rust	-1.0	[-1]
bucket	-1.0	[-1]
complicate	-1.0	[-1]
tram	-1.0	[-1]
apart	-1.0	[-1, -1]
rekjavik	-1.0	[-1]
straighten	-1.0	[-1]
greet	-1.0	[-1]
animal	-1.0	[-1]
diabetic	-1.0	[-1, -1]
alert	-1.0	[-1]
escort	0.3333333333333333	[-1, 1, 1]
professionally	0.0	[-1, 1]
organise	1.0	[1]
waist	-1.0	[-1]
monitor	0.0	[-1, 1]
length	-1.0	[-1, -1]
ny	1.0	[1]
prepay	-1.0	[-1]
permission	-1.0	[-1]
supervisor	-1.0	[-1]
override	-1.0	[-1]
unbearably	-1.0	[-1]
remedy	-1.0	[-1]
sitting	-1.0	[-1]
elbow	-1.0	[-1]
red	0.0	[-1, 1]
injure	1.0	[1]
stairway	1.0	[1]
lift	1.0	[1]
bend	1.0	[1]
itinerary	-1.0	[-1, -1]
disheartening	1.0	[1]
risky	1.0	[1]
office	-1.0	[-1]
connectionflight	-1.0	[-1]
listen	1.0	[1]
music	1.0	[1]
originating	1.0	[1]
disorderly	-1.0	[-1]
hygiene	-1.0	[-1]
enforcement	-1.0	[-1]
useingthem	-1.0	[-1]
helpfulness	1.0	[1]
disgraceful	-1.0	[-1]
kinda	-1.0	[-1]
brutal	-1.0	[-1]
routing	-1.0	[-1]
considerably	-1.0	[-1]
easyjet	-1.0	[-1]
speedy	-1.0	[-1]
encourage	-1.0	[-1]
everthing	-1.0	[-1]
dissatisfied	-1.0	[-1, -1]
anette	-1.0	[-1]
duly	1.0	[1]
dent	-1.0	[-1]
evidence	-1.0	[-1]
earn	-1.0	[-1]
earphone	-1.0	[-1]
aeroplane	-1.0	[-1]
circumstance	1.0	[1]
ur	-1.0	[-1]
firm	1.0	[1]
stroller	1.0	[1]
context	-1.0	[-1]
onboarding	-1.0	[-1]
intrusive	1.0	[1]
hurry	1.0	[1]
descent	1.0	[1]
live	1.0	[1]
telephone	1.0	[1]
language	1.0	[1]
purchasing	1.0	[1]
read	-1.0	[-1]
flow	1.0	[1]
aurora	1.0	[1]
incorrect	-1.0	[-1]
supportive	1.0	[1]
tsa	-1.0	[-1]
global	-1.0	[-1]
dring	-1.0	[-1]
og	-1.0	[-1]
stevadesse	-1.0	[-1]
ekstra	-1.0	[-1]
unusual	-1.0	[-1, -1]
cascade	-1.0	[-1]
customary	-1.0	[-1]
patience	-1.0	[-1]
glad	1.0	[1]
smell	-1.0	[-1]
louder	-1.0	[-1, -1]
pair	-1.0	[-1]
vastness	-1.0	[-1]
debark	-1.0	[-1]
expertly	1.0	[1]
mastercard	-1.0	[-1]
grab	-1.0	[-1, -1]
layer	1.0	[1]
bassinet	0.0	[0]
transfere	-1.0	[-1]
loooooong	-1.0	[-1]
panicked	-1.0	[-1]
ultimately	-1.0	[-1]
formal	-1.0	[-1]
reclaim	-1.0	[-1]
adorable	1.0	[1]
meny	-1.0	[-1]
ekspt	-1.0	[-1]
g	1.0	[1]
er	1.0	[1]
upp	1.0	[1]
grade	1.0	[1]
eftir	1.0	[1]
f	1.0	[1]
mjg	1.0	[1]
g	1.0	[1]
jnusta	1.0	[1]
um	1.0	[1]
bor	1.0	[1]
ill	-1.0	[-1]
field	-1.0	[-1]
misdirect	-1.0	[-1]
entity	-1.0	[-1]
flexible	-1.0	[-1]
refundable	-1.0	[-1]
compete	-1.0	[-1]
jumbo	-1.0	[-1]
mid	-1.0	[-1]
hardship	-1.0	[-1]
perfunctorily	-1.0	[-1]
callous	-1.0	[-1]
reception	-1.0	[-1]
mouth	-1.0	[-1]
vacation	-1.0	[-1]
hopefully	0.0	[-1, 1]
unerve	-1.0	[-1]
datum	-1.0	[-1]
browser	-1.0	[-1]
smash	-1.0	[-1]
replace	-1.0	[-1]
healthy	-1.0	[-1, -1, -1]
introduce	-1.0	[-1]
stretch	-1.0	[-1]
conducive	-1.0	[-1]
diminish	-1.0	[-1]
seperate	-1.0	[-1]
que	-1.0	[-1]
pregnant	-1.0	[-1]
extortionate	-1.0	[-1]
baby	-0.3333333333333333	[-1, -1, 1]
amsterdam	-1.0	[-1]
fuck	-1.0	[-1]
exciting	-1.0	[-1]
dock	-1.0	[-1]
troublesome	-1.0	[-1]
deserve	1.0	[1]
nausea	1.0	[1]
behalf	-1.0	[-1]
fake	-1.0	[-1]
hit	-1.0	[-1]
wall	-1.0	[-1]
agree	-1.0	[-1, -1]
shocked	-1.0	[-1]
threat	-1.0	[-1]
worst	-1.0	[-1]
passange	-1.0	[-1]
locate	-1.0	[-1]
insident	-1.0	[-1]
boardingpass	-1.0	[-1]
brochure	-1.0	[-1]
homeward	-1.0	[-1]
wa	-1.0	[-1]
entrance	-1.0	[-1]
citizen	-1.0	[-1]
arguement	-1.0	[-1]
suggested	1.0	[1]
tad	-1.0	[-1]
belonging	-1.0	[-1]
adv	-1.0	[-1]
vonnectiom	-1.0	[-1]
heartedly	1.0	[1]
aevarsdottir	1.0	[1]
charming	1.0	[1]
unfamiliar	-1.0	[-1]
regency	-1.0	[-1]
encurre	-1.0	[-1]
compare	-1.0	[-1]
fistfight	-1.0	[-1]
overheated	-1.0	[-1]
anxious	-1.0	[-1]
hr	0.0	[-1, 1]
contrast	1.0	[1]
successfully	1.0	[1]
slide	-1.0	[-1]
overrode	1.0	[1]
ifi	-1.0	[-1]
shortage	-1.0	[-1]
takeoff	-1.0	[-1]
subside	1.0	[1]
lieu	1.0	[1]
occasional	1.0	[1]
qualm	-1.0	[-1]
certainly	-1.0	[-1]
fluency	1.0	[1]
management	1.0	[1]
fro	1.0	[1]
footrest	-1.0	[-1]
alantic	-1.0	[-1]
dietary	-1.0	[-1]
basis	-1.0	[-1]
nutritious	-1.0	[-1]
onboarde	-1.0	[-1]
variety	1.0	[1]
hack	-1.0	[-1]
chin	-1.0	[-1]
awhile	-1.0	[-1, -1]
shortly	-1.0	[-1]
extent	-1.0	[-1]
viral	-1.0	[-1]
video	-1.0	[-1]
maskless	-1.0	[-1]
supervise	-1.0	[-1]
approachable	-1.0	[-1]
visa	-1.0	[-1]
questionning	-1.0	[-1]
sour	1.0	[1]
eligible	-1.0	[-1]
tightly	1.0	[1]
clothe	1.0	[1]
flag	1.0	[1, 1]
sneaky	-1.0	[-1]
intertainment	-1.0	[-1]
pls	1.0	[1]
	-1.0	[-1]
dire	-1.0	[-1]
