Alex	[0.0, 0.0, 1.0]	[0.0, 0.0, 1.0]
Arlandi	[0.0, 1.0, 0.0]	[0.0, 1.0, 0.0]
Austmar	[1.0, 0.0, 0.0]	[1.0, 0.0, 0.0]
Axel	[0.0, 0.0, 1.0]	[0.0, 0.0, 1.0]
Baldursson	[0.0, 0.0, 1.0]	[0.0, 0.0, 1.0]
Bandaríki	[0.0, 0.0, 1.0]	[0.0, 0.0, 1.0]
Bergsteinn	[0.0, 0.0, 1.0]	[0.0, 0.0, 1.0]
Bergþóra	[0.0, 0.0, 1.0]	[0.0, 0.0, 1.0]
Björnsdóttir	[1.0, 0.0, 0.0]	[1.0, 0.0, 0.0]
Einarsson	[0.0, 0.0, 1.0]	[0.0, 0.0, 1.0]
Gautaborg	[0.0, 0.0, 1.0]	[0.0, 0.0, 1.0]
Guðný	[0.0, 0.5, 0.5]	[0.0, 0.5, 0.5]
Heiðar	[0.0, 0.0, 1.0]	[0.0, 0.0, 1.0]
Helena	[0.0, 0.0, 1.0]	[0.0, 0.0, 1.0]
Jóhanna	[0.0, 0.0, 1.0]	[0.0, 0.0, 1.0]
Jón	[0.0, 0.0, 1.0]	[0.0, 0.0, 1.0]
Kef	[1.0, 0.0, 0.0]	[1.0, 0.0, 0.0]
Kristín	[0.0, 1.0, 0.0]	[0.0, 1.0, 0.0]
Lufhansa	[1.0, 0.0, 0.0]	[1.0, 0.0, 0.0]
Líndal	[0.0, 0.0, 1.0]	[0.0, 0.0, 1.0]
Markús	[0.0, 0.0, 1.0]	[0.0, 0.0, 1.0]
Pólland	[0.0, 0.0, 1.0]	[0.0, 0.0, 1.0]
Saga	[0.6666666666666666, 0.0, 0.3333333333333333]	[0.6666666666666666, 0.0, 0.3333333333333333]
Sigríður	[1.0, 0.0, 0.0]	[1.0, 0.0, 0.0]
Spánn	[0.0, 0.0, 1.0]	[0.0, 0.0, 1.0]
Steinunn	[0.0, 1.0, 0.0]	[0.0, 1.0, 0.0]
Sól	[1.0, 0.0, 0.0]	[1.0, 0.0, 0.0]
Víkingur	[0.0, 0.0, 1.0]	[0.0, 0.0, 1.0]
af	[0.30434782608695654, 0.11594202898550725, 0.5797101449275363]	[0.30434782608695654, 0.11594202898550725, 0.5797101449275363]
afar	[0.75, 0.0, 0.25]	[0.75, 0.0, 0.25]
afgangur	[1.0, 0.0, 0.0]	[1.0, 0.0, 0.0]
afgreiða	[0.3333333333333333, 0.0, 0.6666666666666666]	[0.3333333333333333, 0.0, 0.6666666666666666]
afgreiðsla	[0.0, 0.0, 1.0]	[0.0, 0.0, 1.0]
afgreiðslustrákn	[0.0, 0.0, 1.0]	[0.0, 0.0, 1.0]
afleitur	[0.0, 0.0, 1.0]	[0.0, 0.0, 1.0]
afleiðing	[0.0, 0.0, 1.0]	[0.0, 0.0, 1.0]
aflýsa	[0.3333333333333333, 0.0, 0.6666666666666666]	[0.3333333333333333, 0.0, 0.6666666666666666]
aflýsing	[0.0, 1.0, 0.0]	[0.0, 1.0, 0.0]
afslappaður	[1.0, 0.0, 0.0]	[1.0, 0.0, 0.0]
afsláttarfélag	[0.0, 1.0, 0.0]	[0.0, 1.0, 0.0]
afsláttur	[0.0, 0.0, 1.0]	[0.0, 0.0, 1.0]
afsökun	[0.0, 0.0, 1.0]	[0.0, 0.0, 1.0]
aftan	[0.0, 1.0, 0.0]	[0.0, 1.0, 0.0]
aftari	[0.0, 0.0, 1.0]	[0.0, 0.0, 1.0]
aftarlega	[0.0, 0.0, 1.0]	[0.0, 0.0, 1.0]
aftur	[0.3, 0.26666666666666666, 0.43333333333333335]	[0.3, 0.26666666666666666, 0.43333333333333335]
afþregingur	[0.0, 0.0, 1.0]	[0.0, 0.0, 1.0]
afþreying	[0.5, 0.0, 0.5]	[0.5, 0.0, 0.5]
afþreyingakerfi	[0.5, 0.5, 0.0]	[0.5, 0.5, 0.0]
afþreyingarefni	[0.3333333333333333, 0.3333333333333333, 0.3333333333333333]	[0.3333333333333333, 0.3333333333333333, 0.3333333333333333]
afþreyingarkerfi	[0.2, 0.2, 0.6]	[0.2, 0.2, 0.6]
ak	[0.0, 0.0, 1.0]	[0.0, 0.0, 1.0]
akelesarhæll	[0.0, 0.0, 1.0]	[0.0, 0.0, 1.0]
akkúrat	[0.0, 0.0, 1.0]	[0.0, 0.0, 1.0]
akureyra	[0.0, 1.0, 0.0]	[0.0, 1.0, 0.0]
akureyri	[0.0, 0.2, 0.8]	[0.0, 0.2, 0.8]
aldeilis	[0.0, 0.0, 1.0]	[0.0, 0.0, 1.0]
aldrei	[0.5, 0.2, 0.3]	[0.5, 0.2, 0.3]
aldur	[1.0, 0.0, 0.0]	[1.0, 0.0, 0.0]
algengur	[1.0, 0.0, 0.0]	[1.0, 0.0, 0.0]
algerlega	[0.0, 0.0, 1.0]	[0.0, 0.0, 1.0]
algjör	[0.0, 0.0, 1.0]	[0.0, 0.0, 1.0]
algjörlega	[0.0, 0.0, 1.0]	[0.0, 0.0, 1.0]
allavega	[0.6666666666666666, 0.0, 0.3333333333333333]	[0.6666666666666666, 0.0, 0.3333333333333333]
allgjörlega	[1.0, 0.0, 0.0]	[1.0, 0.0, 0.0]
alltaf	[0.37142857142857144, 0.05714285714285714, 0.5714285714285714]	[0.37142857142857144, 0.05714285714285714, 0.5714285714285714]
alltof	[0.6666666666666666, 0.0, 0.3333333333333333]	[0.6666666666666666, 0.0, 0.3333333333333333]
almennilegur	[0.0, 0.25, 0.75]	[0.0, 0.25, 0.75]
almennt	[0.4, 0.2, 0.4]	[0.4, 0.2, 0.4]
almennur	[0.16666666666666666, 0.16666666666666666, 0.6666666666666666]	[0.16666666666666666, 0.16666666666666666, 0.6666666666666666]
alvara	[0.0, 0.0, 1.0]	[0.0, 0.0, 1.0]
alvarlegur	[0.0, 0.0, 1.0]	[0.0, 0.0, 1.0]
alveg	[0.4444444444444444, 0.16666666666666666, 0.3888888888888889]	[0.4444444444444444, 0.16666666666666666, 0.3888888888888889]
alvörugefinn	[0.0, 0.0, 1.0]	[0.0, 0.0, 1.0]
alþjóðlegur	[0.0, 0.0, 1.0]	[0.0, 0.0, 1.0]
ameríka	[0.0, 1.0, 0.0]	[0.0, 1.0, 0.0]
ameríkuflug	[0.0, 0.0, 1.0]	[0.0, 0.0, 1.0]
amma	[0.25, 0.0, 0.75]	[0.25, 0.0, 0.75]
anddyri	[1.0, 0.0, 0.0]	[1.0, 0.0, 0.0]
andlit	[0.0, 0.0, 1.0]	[0.0, 0.0, 1.0]
anna	[0.0, 1.0, 0.0]	[0.0, 1.0, 0.0]
annars	[0.25, 0.25, 0.5]	[0.25, 0.25, 0.5]
annaður	[0.0, 1.0, 0.0]	[0.0, 1.0, 0.0]
ansi	[1.0, 0.0, 0.0]	[1.0, 0.0, 0.0]
app	[0.3, 0.1, 0.6]	[0.3, 0.1, 0.6]
appelsín	[0.0, 0.0, 1.0]	[0.0, 0.0, 1.0]
armur	[1.0, 0.0, 0.0]	[1.0, 0.0, 0.0]
arður	[1.0, 0.0, 0.0]	[1.0, 0.0, 0.0]
athuga	[1.0, 0.0, 0.0]	[1.0, 0.0, 0.0]
athugasemd	[0.0, 0.0, 1.0]	[0.0, 0.0, 1.0]
atriði	[0.0, 0.0, 1.0]	[0.0, 0.0, 1.0]
auga	[1.0, 0.0, 0.0]	[1.0, 0.0, 0.0]
augljós	[0.0, 0.0, 1.0]	[0.0, 0.0, 1.0]
augljóslega	[1.0, 0.0, 0.0]	[1.0, 0.0, 0.0]
auglýsa	[0.4, 0.6, 0.0]	[0.4, 0.6, 0.0]
auk	[0.0, 1.0, 0.0]	[0.0, 1.0, 0.0]
auka	[0.0, 0.0, 1.0]	[0.0, 0.0, 1.0]
aukakostnaður	[0.0, 0.0, 1.0]	[0.0, 0.0, 1.0]
aukalega	[0.6666666666666666, 0.0, 0.3333333333333333]	[0.6666666666666666, 0.0, 0.3333333333333333]
aukavél	[0.0, 0.0, 1.0]	[0.0, 0.0, 1.0]
aukinn	[0.0, 0.0, 1.0]	[0.0, 0.0, 1.0]
aukur	[0.0, 0.0, 1.0]	[0.0, 0.0, 1.0]
austur	[0.0, 1.0, 0.0]	[0.0, 1.0, 0.0]
auðveldur	[0.0, 0.0, 1.0]	[0.0, 0.0, 1.0]
auðvitað	[1.0, 0.0, 0.0]	[1.0, 0.0, 0.0]
að	[0.21739130434782608, 0.10869565217391304, 0.6739130434782609]	[0.21739130434782608, 0.10869565217391304, 0.6739130434782609]
aðallega	[1.0, 0.0, 0.0]	[1.0, 0.0, 0.0]
aðdróttun	[0.0, 0.0, 1.0]	[0.0, 0.0, 1.0]
aðeins	[0.0, 0.4, 0.6]	[0.0, 0.4, 0.6]
aðflug	[1.0, 0.0, 0.0]	[1.0, 0.0, 0.0]
aðgangur	[0.3333333333333333, 0.3333333333333333, 0.3333333333333333]	[0.3333333333333333, 0.3333333333333333, 0.3333333333333333]
aðgengilegur	[0.0, 0.0, 1.0]	[0.0, 0.0, 1.0]
aðili	[0.3333333333333333, 0.0, 0.6666666666666666]	[0.3333333333333333, 0.0, 0.6666666666666666]
aðstandandi	[0.0, 1.0, 0.0]	[0.0, 1.0, 0.0]
aðstaða	[1.0, 0.0, 0.0]	[1.0, 0.0, 0.0]
aðstoð	[0.3333333333333333, 0.0, 0.6666666666666666]	[0.3333333333333333, 0.0, 0.6666666666666666]
aðstoða	[0.0, 1.0, 0.0]	[0.0, 1.0, 0.0]
aðstoðarfreyja	[0.0, 0.0, 1.0]	[0.0, 0.0, 1.0]
aðstæður	[0.0, 0.0, 1.0]	[0.0, 0.0, 1.0]
bak	[0.4444444444444444, 0.0, 0.5555555555555556]	[0.4444444444444444, 0.0, 0.5555555555555556]
baka	[0.0, 1.0, 0.0]	[0.0, 1.0, 0.0]
bakki	[1.0, 0.0, 0.0]	[1.0, 0.0, 0.0]
bakverkir	[0.0, 1.0, 0.0]	[0.0, 1.0, 0.0]
bakverkur	[0.0, 0.0, 1.0]	[0.0, 0.0, 1.0]
band	[0.5, 0.25, 0.25]	[0.5, 0.25, 0.25]
bara	[0.4146341463414634, 0.12195121951219512, 0.4634146341463415]	[0.4146341463414634, 0.12195121951219512, 0.4634146341463415]
barn	[0.35714285714285715, 0.14285714285714285, 0.5]	[0.35714285714285715, 0.14285714285714285, 0.5]
barnabarn	[0.4, 0.0, 0.6]	[0.4, 0.0, 0.6]
barnafólk	[0.0, 0.0, 1.0]	[0.0, 0.0, 1.0]
barnakerra	[0.0, 1.0, 0.0]	[0.0, 1.0, 0.0]
batna	[0.5, 0.0, 0.5]	[0.5, 0.0, 0.5]
beinn	[0.3333333333333333, 0.3333333333333333, 0.3333333333333333]	[0.3333333333333333, 0.3333333333333333, 0.3333333333333333]
beint	[0.0, 0.5, 0.5]	[0.0, 0.5, 0.5]
beita	[0.0, 0.0, 1.0]	[0.0, 0.0, 1.0]
belti	[0.5, 0.5, 0.0]	[0.5, 0.5, 0.0]
benda	[0.2, 0.4, 0.4]	[0.2, 0.4, 0.4]
bera	[0.3333333333333333, 0.0, 0.6666666666666666]	[0.3333333333333333, 0.0, 0.6666666666666666]
betriþjónusta	[1.0, 0.0, 0.0]	[1.0, 0.0, 0.0]
betrumbæta	[0.0, 0.0, 1.0]	[0.0, 0.0, 1.0]
bil	[0.5, 0.0, 0.5]	[0.5, 0.0, 0.5]
bila	[0.0, 0.0, 1.0]	[0.0, 0.0, 1.0]
bilaður	[0.5, 0.0, 0.5]	[0.5, 0.0, 0.5]
bilun	[0.0, 0.3333333333333333, 0.6666666666666666]	[0.0, 0.3333333333333333, 0.6666666666666666]
bið	[0.6, 0.2, 0.2]	[0.6, 0.2, 0.2]
biðja	[0.5384615384615384, 0.0, 0.46153846153846156]	[0.5384615384615384, 0.0, 0.46153846153846156]
biðröð	[0.16666666666666666, 0.16666666666666666, 0.6666666666666666]	[0.16666666666666666, 0.16666666666666666, 0.6666666666666666]
bjalla	[0.0, 0.0, 1.0]	[0.0, 0.0, 1.0]
bjarga	[0.0, 0.0, 1.0]	[0.0, 0.0, 1.0]
bjánalegur	[0.0, 0.0, 1.0]	[0.0, 0.0, 1.0]
bjóða	[0.5294117647058824, 0.058823529411764705, 0.4117647058823529]	[0.5294117647058824, 0.058823529411764705, 0.4117647058823529]
bjútíbox	[1.0, 0.0, 0.0]	[1.0, 0.0, 0.0]
blautur	[0.0, 1.0, 0.0]	[0.0, 1.0, 0.0]
blása	[1.0, 0.0, 0.0]	[1.0, 0.0, 0.0]
bokunardeild	[0.0, 0.0, 1.0]	[0.0, 0.0, 1.0]
borga	[0.36, 0.2, 0.44]	[0.36, 0.2, 0.44]
borð	[0.34782608695652173, 0.043478260869565216, 0.6086956521739131]	[0.34782608695652173, 0.043478260869565216, 0.6086956521739131]
borða	[0.3333333333333333, 0.16666666666666666, 0.5]	[0.3333333333333333, 0.16666666666666666, 0.5]
box	[1.0, 0.0, 0.0]	[1.0, 0.0, 0.0]
boð	[0.0, 0.42857142857142855, 0.5714285714285714]	[0.0, 0.42857142857142855, 0.5714285714285714]
boðháttur	[0.0, 1.0, 0.0]	[0.0, 1.0, 0.0]
boðlegur	[0.0, 1.0, 0.0]	[0.0, 1.0, 0.0]
boðsmiði	[0.0, 1.0, 0.0]	[0.0, 1.0, 0.0]
bragðlaus	[0.0, 0.0, 1.0]	[0.0, 0.0, 1.0]
brasa	[1.0, 0.0, 0.0]	[1.0, 0.0, 0.0]
brauð	[0.6666666666666666, 0.3333333333333333, 0.0]	[0.6666666666666666, 0.3333333333333333, 0.0]
breyta	[0.27586206896551724, 0.13793103448275862, 0.5862068965517241]	[0.27586206896551724, 0.13793103448275862, 0.5862068965517241]
breytanlegur	[1.0, 0.0, 0.0]	[1.0, 0.0, 0.0]
breyting	[0.1, 0.1, 0.8]	[0.1, 0.1, 0.8]
breyttur	[0.3333333333333333, 0.0, 0.6666666666666666]	[0.3333333333333333, 0.0, 0.6666666666666666]
bros	[0.0, 0.0, 1.0]	[0.0, 0.0, 1.0]
brosmildur	[1.0, 0.0, 0.0]	[1.0, 0.0, 0.0]
brottfararsalur	[0.0, 1.0, 0.0]	[0.0, 1.0, 0.0]
brottfararspjald	[0.0, 0.3333333333333333, 0.6666666666666666]	[0.0, 0.3333333333333333, 0.6666666666666666]
brottfarartími	[0.0, 0.0, 1.0]	[0.0, 0.0, 1.0]
brottfaratími	[0.0, 0.0, 1.0]	[0.0, 0.0, 1.0]
brottför	[0.5, 0.16666666666666666, 0.3333333333333333]	[0.5, 0.16666666666666666, 0.3333333333333333]
bru-kef-bra	[0.0, 1.0, 0.0]	[0.0, 1.0, 0.0]
bráðlega	[0.0, 0.0, 1.0]	[0.0, 0.0, 1.0]
brúnn	[0.0, 0.0, 1.0]	[0.0, 0.0, 1.0]
business	[0.0, 0.5, 0.5]	[0.0, 0.5, 0.5]
bygging	[0.0, 0.0, 1.0]	[0.0, 0.0, 1.0]
byggja	[1.0, 0.0, 0.0]	[1.0, 0.0, 0.0]
byrja	[0.3333333333333333, 0.2222222222222222, 0.4444444444444444]	[0.3333333333333333, 0.2222222222222222, 0.4444444444444444]
byrðing	[0.0, 0.125, 0.875]	[0.0, 0.125, 0.875]
bágborinn	[1.0, 0.0, 0.0]	[1.0, 0.0, 0.0]
bær	[1.0, 0.0, 0.0]	[1.0, 0.0, 0.0]
bæta	[0.15384615384615385, 0.3076923076923077, 0.5384615384615384]	[0.15384615384615385, 0.3076923076923077, 0.5384615384615384]
bílastæðamál	[1.0, 0.0, 0.0]	[1.0, 0.0, 0.0]
bílastæði	[0.0, 0.0, 1.0]	[0.0, 0.0, 1.0]
bíll	[0.25, 0.5, 0.25]	[0.25, 0.5, 0.25]
bíða	[0.21052631578947367, 0.05263157894736842, 0.7368421052631579]	[0.21052631578947367, 0.05263157894736842, 0.7368421052631579]
bíómynd	[0.5, 0.0, 0.5]	[0.5, 0.0, 0.5]
bóka	[0.3888888888888889, 0.1111111111111111, 0.5]	[0.3888888888888889, 0.1111111111111111, 0.5]
bókana	[0.0, 1.0, 0.0]	[0.0, 1.0, 0.0]
bókaður	[0.375, 0.25, 0.375]	[0.375, 0.25, 0.375]
bókun	[0.5, 0.125, 0.375]	[0.5, 0.125, 0.375]
bókunarferli	[0.0, 0.0, 1.0]	[0.0, 0.0, 1.0]
bókunarkerfi	[0.5, 0.0, 0.5]	[0.5, 0.0, 0.5]
bókunarnúmer	[0.5, 0.25, 0.25]	[0.5, 0.25, 0.25]
bólusetja	[0.0, 0.0, 1.0]	[0.0, 0.0, 1.0]
bólusetning	[0.0, 0.0, 1.0]	[0.0, 0.0, 1.0]
bólusetningarskýrteinur	[1.0, 0.0, 0.0]	[1.0, 0.0, 0.0]
bólusetningarvottorð	[0.0, 0.0, 1.0]	[0.0, 0.0, 1.0]
bölvaður	[1.0, 0.0, 0.0]	[1.0, 0.0, 0.0]
búa	[0.0, 0.6, 0.4]	[0.0, 0.6, 0.4]
búinn	[0.3333333333333333, 0.1111111111111111, 0.5555555555555556]	[0.3333333333333333, 0.1111111111111111, 0.5555555555555556]
chillaður	[0.0, 0.0, 1.0]	[0.0, 0.0, 1.0]
covid	[1.0, 0.0, 0.0]	[1.0, 0.0, 0.0]
daganr	[0.0, 0.0, 1.0]	[0.0, 0.0, 1.0]
dagsetning	[0.0, 0.0, 1.0]	[0.0, 0.0, 1.0]
dagur	[0.21428571428571427, 0.14285714285714285, 0.6428571428571429]	[0.21428571428571427, 0.14285714285714285, 0.6428571428571429]
dani	[0.0, 0.0, 1.0]	[0.0, 0.0, 1.0]
dapur	[0.0, 0.0, 1.0]	[0.0, 0.0, 1.0]
deila	[1.0, 0.0, 0.0]	[1.0, 0.0, 0.0]
detta	[1.0, 0.0, 0.0]	[1.0, 0.0, 0.0]
di	[0.0, 1.0, 0.0]	[0.0, 1.0, 0.0]
drasl	[0.0, 0.0, 1.0]	[0.0, 0.0, 1.0]
dreif	[0.0, 0.0, 1.0]	[0.0, 0.0, 1.0]
dreifa	[0.0, 0.0, 1.0]	[0.0, 0.0, 1.0]
dreifður	[0.0, 0.0, 1.0]	[0.0, 0.0, 1.0]
drekka	[0.3333333333333333, 0.3333333333333333, 0.3333333333333333]	[0.3333333333333333, 0.3333333333333333, 0.3333333333333333]
drepa	[0.0, 0.0, 1.0]	[0.0, 0.0, 1.0]
drukkinn	[0.0, 0.0, 1.0]	[0.0, 0.0, 1.0]
drulla	[0.0, 0.0, 1.0]	[0.0, 0.0, 1.0]
drykkur	[0.0, 0.0, 1.0]	[0.0, 0.0, 1.0]
dá	[1.0, 0.0, 0.0]	[1.0, 0.0, 0.0]
dáld	[1.0, 0.0, 0.0]	[1.0, 0.0, 0.0]
dásamlegur	[0.5, 0.0, 0.5]	[0.5, 0.0, 0.5]
dæla	[0.8, 0.0, 0.2]	[0.8, 0.0, 0.2]
dæmi	[0.0, 0.5, 0.5]	[0.0, 0.5, 0.5]
díla	[0.5, 0.0, 0.5]	[0.5, 0.0, 0.5]
dónalegur	[0.0, 0.0, 1.0]	[0.0, 0.0, 1.0]
dós	[1.0, 0.0, 0.0]	[1.0, 0.0, 0.0]
dót	[0.0, 0.0, 1.0]	[0.0, 0.0, 1.0]
dóttir	[0.0, 0.5, 0.5]	[0.0, 0.5, 0.5]
dúsa	[0.0, 0.0, 1.0]	[0.0, 0.0, 1.0]
dýr	[0.14285714285714285, 0.42857142857142855, 0.42857142857142855]	[0.14285714285714285, 0.42857142857142855, 0.42857142857142855]
dýrka	[1.0, 0.0, 0.0]	[1.0, 0.0, 0.0]
e	[0.0, 0.0, 1.0]	[0.0, 0.0, 1.0]
eflaust	[0.5, 0.0, 0.5]	[0.5, 0.0, 0.5]
efni	[0.0, 0.14285714285714285, 0.8571428571428571]	[0.0, 0.14285714285714285, 0.8571428571428571]
eftir	[0.1956521739130435, 0.1956521739130435, 0.6086956521739131]	[0.1956521739130435, 0.1956521739130435, 0.6086956521739131]
egg	[0.5, 0.5, 0.0]	[0.5, 0.5, 0.0]
egilsstaðir	[0.0, 0.0, 1.0]	[0.0, 0.0, 1.0]
egs-akureyri	[0.0, 0.0, 1.0]	[0.0, 0.0, 1.0]
eiga	[0.31746031746031744, 0.1111111111111111, 0.5714285714285714]	[0.31746031746031744, 0.1111111111111111, 0.5714285714285714]
eiginlega	[0.0, 0.0, 1.0]	[0.0, 0.0, 1.0]
eiginn	[0.0, 0.0, 1.0]	[0.0, 0.0, 1.0]
eindæmi	[0.0, 0.0, 1.0]	[0.0, 0.0, 1.0]
einfalda	[0.0, 0.0, 1.0]	[0.0, 0.0, 1.0]
einfaldur	[0.4, 0.2, 0.4]	[0.4, 0.2, 0.4]
eingöngu	[1.0, 0.0, 0.0]	[1.0, 0.0, 0.0]
einkunn	[1.0, 0.0, 0.0]	[1.0, 0.0, 0.0]
einn	[0.5, 0.125, 0.375]	[0.5, 0.125, 0.375]
einnig	[0.4166666666666667, 0.16666666666666666, 0.4166666666666667]	[0.4166666666666667, 0.16666666666666666, 0.4166666666666667]
eins	[0.25, 0.14285714285714285, 0.6071428571428571]	[0.25, 0.14285714285714285, 0.6071428571428571]
einstaklega	[0.25, 0.0, 0.75]	[0.25, 0.0, 0.75]
einstaklingur	[1.0, 0.0, 0.0]	[1.0, 0.0, 0.0]
einstakur	[0.0, 0.0, 1.0]	[0.0, 0.0, 1.0]
einungis	[1.0, 0.0, 0.0]	[1.0, 0.0, 0.0]
eldgamall	[0.0, 0.0, 1.0]	[0.0, 0.0, 1.0]
elja	[0.0, 0.0, 1.0]	[0.0, 0.0, 1.0]
elska	[0.0, 0.0, 1.0]	[0.0, 0.0, 1.0]
elskulegur	[0.0, 0.0, 1.0]	[0.0, 0.0, 1.0]
enda	[0.5, 0.2, 0.3]	[0.5, 0.2, 0.3]
endalaus	[0.0, 0.0, 1.0]	[0.0, 0.0, 1.0]
endilega	[0.0, 0.5, 0.5]	[0.0, 0.5, 0.5]
endurbóka	[1.0, 0.0, 0.0]	[1.0, 0.0, 0.0]
endurbókuð	[1.0, 0.0, 0.0]	[1.0, 0.0, 0.0]
endurgjald	[0.0, 0.0, 1.0]	[0.0, 0.0, 1.0]
endurgjöf	[0.0, 1.0, 0.0]	[0.0, 1.0, 0.0]
endurgreiddur	[0.0, 0.0, 1.0]	[0.0, 0.0, 1.0]
endurgreiða	[0.3333333333333333, 0.3333333333333333, 0.3333333333333333]	[0.3333333333333333, 0.3333333333333333, 0.3333333333333333]
endurgreiðsla	[0.0, 0.6666666666666666, 0.3333333333333333]	[0.0, 0.6666666666666666, 0.3333333333333333]
endurinnrita	[1.0, 0.0, 0.0]	[1.0, 0.0, 0.0]
endurnýja	[0.6666666666666666, 0.0, 0.3333333333333333]	[0.6666666666666666, 0.0, 0.3333333333333333]
endurnýjun	[0.5, 0.0, 0.5]	[0.5, 0.0, 0.5]
endurskoða	[0.0, 0.0, 1.0]	[0.0, 0.0, 1.0]
endurspegla	[0.5, 0.0, 0.5]	[0.5, 0.0, 0.5]
endurtekinn	[0.0, 0.0, 1.0]	[0.0, 0.0, 1.0]
endurtekið	[1.0, 0.0, 0.0]	[1.0, 0.0, 0.0]
enn	[0.4, 0.0, 0.6]	[0.4, 0.0, 0.6]
enska	[0.6, 0.0, 0.4]	[0.6, 0.0, 0.4]
er	[0.0, 0.0, 1.0]	[0.0, 0.0, 1.0]
erfiðleiki	[1.0, 0.0, 0.0]	[1.0, 0.0, 0.0]
erfiður	[0.375, 0.0625, 0.5625]	[0.375, 0.0625, 0.5625]
erilsamur	[1.0, 0.0, 0.0]	[1.0, 0.0, 0.0]
erlendur	[0.0, 0.0, 1.0]	[0.0, 0.0, 1.0]
exit	[0.0, 0.0, 1.0]	[0.0, 0.0, 1.0]
extra	[1.0, 0.0, 0.0]	[1.0, 0.0, 0.0]
eyða	[0.3333333333333333, 0.3333333333333333, 0.3333333333333333]	[0.3333333333333333, 0.3333333333333333, 0.3333333333333333]
eyðileggja	[0.0, 0.0, 1.0]	[0.0, 0.0, 1.0]
eðlilega	[1.0, 0.0, 0.0]	[1.0, 0.0, 0.0]
eðlilegur	[1.0, 0.0, 0.0]	[1.0, 0.0, 0.0]
faglega	[0.0, 0.0, 1.0]	[0.0, 0.0, 1.0]
fagmannlegur	[0.0, 1.0, 0.0]	[0.0, 1.0, 0.0]
fall	[0.0, 0.0, 1.0]	[0.0, 0.0, 1.0]
falla	[0.0, 0.5, 0.5]	[0.0, 0.5, 0.5]
fang	[0.3333333333333333, 0.0, 0.6666666666666666]	[0.3333333333333333, 0.0, 0.6666666666666666]
far	[0.25, 0.25, 0.5]	[0.25, 0.25, 0.5]
fara	[0.32075471698113206, 0.09433962264150944, 0.5849056603773585]	[0.32075471698113206, 0.09433962264150944, 0.5849056603773585]
farangur	[0.2727272727272727, 0.09090909090909091, 0.6363636363636364]	[0.2727272727272727, 0.09090909090909091, 0.6363636363636364]
fararstjóri	[1.0, 0.0, 0.0]	[1.0, 0.0, 0.0]
fargjald	[0.3333333333333333, 0.0, 0.6666666666666666]	[0.3333333333333333, 0.0, 0.6666666666666666]
farrými	[0.0, 0.5, 0.5]	[0.0, 0.5, 0.5]
fartölvutaska	[1.0, 0.0, 0.0]	[1.0, 0.0, 0.0]
farþegi	[0.26, 0.18, 0.56]	[0.26, 0.18, 0.56]
fastur	[0.0, 0.0, 1.0]	[0.0, 0.0, 1.0]
faðir	[0.0, 0.0, 1.0]	[0.0, 0.0, 1.0]
faðma	[0.0, 0.0, 1.0]	[0.0, 0.0, 1.0]
fela	[0.0, 1.0, 0.0]	[0.0, 1.0, 0.0]
fella	[0.2727272727272727, 0.18181818181818182, 0.5454545454545454]	[0.2727272727272727, 0.18181818181818182, 0.5454545454545454]
ferill	[0.0, 0.0, 1.0]	[0.0, 0.0, 1.0]
ferli	[0.5, 0.5, 0.0]	[0.5, 0.5, 0.0]
ferskur	[1.0, 0.0, 0.0]	[1.0, 0.0, 0.0]
ferð	[0.2727272727272727, 0.13636363636363635, 0.5909090909090909]	[0.2727272727272727, 0.13636363636363635, 0.5909090909090909]
ferðafélag	[0.0, 0.0, 1.0]	[0.0, 0.0, 1.0]
ferðagögn	[0.0, 1.0, 0.0]	[0.0, 1.0, 0.0]
ferðalag	[0.25, 0.125, 0.625]	[0.25, 0.125, 0.625]
ferðast	[0.24242424242424243, 0.3333333333333333, 0.42424242424242425]	[0.24242424242424243, 0.3333333333333333, 0.42424242424242425]
ferðataska	[0.0, 0.0, 1.0]	[0.0, 0.0, 1.0]
ferðatími	[0.0, 0.0, 1.0]	[0.0, 0.0, 1.0]
ferðaáætlun	[0.5, 0.0, 0.5]	[0.5, 0.0, 0.5]
festa	[0.0, 0.0, 1.0]	[0.0, 0.0, 1.0]
fimmtudagur	[1.0, 0.0, 0.0]	[1.0, 0.0, 0.0]
finna	[0.4, 0.13333333333333333, 0.4666666666666667]	[0.4, 0.13333333333333333, 0.4666666666666667]
fiskur	[0.0, 0.0, 1.0]	[0.0, 0.0, 1.0]
fjarlægja	[0.0, 1.0, 0.0]	[0.0, 1.0, 0.0]
fjarlægð	[0.5, 0.5, 0.0]	[0.5, 0.5, 0.0]
fjárfesta	[0.0, 0.0, 1.0]	[0.0, 0.0, 1.0]
fjölbreytni	[0.0, 1.0, 0.0]	[0.0, 1.0, 0.0]
fjölbreyttur	[0.0, 0.0, 1.0]	[0.0, 0.0, 1.0]
fjöldi	[0.0, 1.0, 0.0]	[0.0, 1.0, 0.0]
fjölgun	[0.0, 0.0, 1.0]	[0.0, 0.0, 1.0]
fjölskylda	[0.0, 0.25, 0.75]	[0.0, 0.25, 0.75]
fjölskyldumeðlimur	[0.0, 0.0, 1.0]	[0.0, 0.0, 1.0]
flaggskip	[0.0, 0.0, 1.0]	[0.0, 0.0, 1.0]
flex	[1.0, 0.0, 0.0]	[1.0, 0.0, 0.0]
fleygiferð	[1.0, 0.0, 0.0]	[1.0, 0.0, 0.0]
fljòtlega	[0.0, 0.0, 1.0]	[0.0, 0.0, 1.0]
fljótlegur	[0.0, 1.0, 0.0]	[0.0, 1.0, 0.0]
fljótur	[0.6666666666666666, 0.0, 0.3333333333333333]	[0.6666666666666666, 0.0, 0.3333333333333333]
fljúga	[0.26666666666666666, 0.15555555555555556, 0.5777777777777777]	[0.26666666666666666, 0.15555555555555556, 0.5777777777777777]
flokkur	[0.0, 0.0, 1.0]	[0.0, 0.0, 1.0]
flottur	[0.25, 0.125, 0.625]	[0.25, 0.125, 0.625]
flug	[0.29375, 0.1625, 0.54375]	[0.29375, 0.1625, 0.54375]
fluga	[0.3333333333333333, 0.0, 0.6666666666666666]	[0.3333333333333333, 0.0, 0.6666666666666666]
flugferð	[0.0, 0.3333333333333333, 0.6666666666666666]	[0.0, 0.3333333333333333, 0.6666666666666666]
flugfrestun	[0.0, 0.0, 1.0]	[0.0, 0.0, 1.0]
flugfreyja	[0.24242424242424243, 0.15151515151515152, 0.6060606060606061]	[0.24242424242424243, 0.15151515151515152, 0.6060606060606061]
flugfélag	[0.16666666666666666, 0.16666666666666666, 0.6666666666666666]	[0.16666666666666666, 0.16666666666666666, 0.6666666666666666]
flughræddur	[0.5, 0.0, 0.5]	[0.5, 0.0, 0.5]
flugleggur	[0.0, 0.0, 1.0]	[0.0, 0.0, 1.0]
flugleið	[0.6666666666666666, 0.0, 0.3333333333333333]	[0.6666666666666666, 0.0, 0.3333333333333333]
fluglið	[0.0, 0.0, 1.0]	[0.0, 0.0, 1.0]
flugliði	[0.0, 0.0, 1.0]	[0.0, 0.0, 1.0]
flugmaður	[0.6, 0.0, 0.4]	[0.6, 0.0, 0.4]
flugmiði	[0.16666666666666666, 0.0, 0.8333333333333334]	[0.16666666666666666, 0.0, 0.8333333333333334]
flugpunktur	[1.0, 0.0, 0.0]	[1.0, 0.0, 0.0]
flugstjóri	[0.125, 0.0, 0.875]	[0.125, 0.0, 0.875]
flugstjórnarklefi	[0.0, 0.0, 1.0]	[0.0, 0.0, 1.0]
flugstöð	[0.0, 0.2857142857142857, 0.7142857142857143]	[0.0, 0.2857142857142857, 0.7142857142857143]
flugtími	[0.6666666666666666, 0.0, 0.3333333333333333]	[0.6666666666666666, 0.0, 0.3333333333333333]
flugvallarhótel	[0.0, 0.0, 1.0]	[0.0, 0.0, 1.0]
flugvél	[0.47619047619047616, 0.14285714285714285, 0.38095238095238093]	[0.47619047619047616, 0.14285714285714285, 0.38095238095238093]
flugvöllur	[0.3333333333333333, 0.15384615384615385, 0.5128205128205128]	[0.3333333333333333, 0.15384615384615385, 0.5128205128205128]
flugáhöfn	[0.0, 0.0, 1.0]	[0.0, 0.0, 1.0]
flugáætlun	[0.0, 0.0, 1.0]	[0.0, 0.0, 1.0]
flugþjóni	[0.0, 0.0, 1.0]	[0.0, 0.0, 1.0]
flugþjónn	[0.4, 0.0, 0.6]	[0.4, 0.0, 0.6]
flugþjónusta	[0.0, 1.0, 0.0]	[0.0, 1.0, 0.0]
flutningur	[0.0, 0.0, 1.0]	[0.0, 0.0, 1.0]
flytja	[0.0, 0.0, 1.0]	[0.0, 0.0, 1.0]
flytjandi	[0.0, 0.0, 1.0]	[0.0, 0.0, 1.0]
flæði	[0.0, 0.0, 1.0]	[0.0, 0.0, 1.0]
flókinn	[0.5, 0.5, 0.0]	[0.5, 0.5, 0.0]
flýta	[0.0, 0.0, 1.0]	[0.0, 0.0, 1.0]
foreldrar	[0.0, 0.0, 1.0]	[0.0, 0.0, 1.0]
forgangur	[0.0, 0.0, 1.0]	[0.0, 0.0, 1.0]
forsaga	[0.0, 0.0, 1.0]	[0.0, 0.0, 1.0]
forskráning	[1.0, 0.0, 0.0]	[1.0, 0.0, 0.0]
fotarymi	[0.0, 0.0, 1.0]	[0.0, 0.0, 1.0]
frabar	[1.0, 0.0, 0.0]	[1.0, 0.0, 0.0]
fragt	[0.0, 0.0, 1.0]	[0.0, 0.0, 1.0]
fram	[0.3157894736842105, 0.0, 0.6842105263157895]	[0.3157894736842105, 0.0, 0.6842105263157895]
framan	[0.2727272727272727, 0.0, 0.7272727272727273]	[0.2727272727272727, 0.0, 0.7272727272727273]
framarlega	[0.0, 1.0, 0.0]	[0.0, 1.0, 0.0]
framkoma	[0.0, 0.0, 1.0]	[0.0, 0.0, 1.0]
framkvæma	[0.0, 0.0, 1.0]	[0.0, 0.0, 1.0]
framleiðandi	[0.0, 1.0, 0.0]	[0.0, 1.0, 0.0]
frammi	[0.0, 0.0, 1.0]	[0.0, 0.0, 1.0]
frammistaða	[0.0, 0.0, 1.0]	[0.0, 0.0, 1.0]
framtak	[0.0, 0.0, 1.0]	[0.0, 0.0, 1.0]
framtíð	[0.3333333333333333, 0.0, 0.6666666666666666]	[0.3333333333333333, 0.0, 0.6666666666666666]
framvísa	[1.0, 0.0, 0.0]	[1.0, 0.0, 0.0]
framúrskarandi	[0.4, 0.0, 0.6]	[0.4, 0.0, 0.6]
frekar	[0.1, 0.2, 0.7]	[0.1, 0.2, 0.7]
fresta	[0.0, 0.0, 1.0]	[0.0, 0.0, 1.0]
frestun	[0.6, 0.0, 0.4]	[0.6, 0.0, 0.4]
freyja	[0.25, 0.0, 0.75]	[0.25, 0.0, 0.75]
friður	[0.0, 1.0, 0.0]	[0.0, 1.0, 0.0]
frá	[0.32653061224489793, 0.12244897959183673, 0.5510204081632653]	[0.32653061224489793, 0.12244897959183673, 0.5510204081632653]
frábær	[0.22857142857142856, 0.14285714285714285, 0.6285714285714286]	[0.22857142857142856, 0.14285714285714285, 0.6285714285714286]
frávik	[1.0, 0.0, 0.0]	[1.0, 0.0, 0.0]
fréttablað	[0.0, 0.0, 1.0]	[0.0, 0.0, 1.0]
frí	[0.0, 1.0, 0.0]	[0.0, 1.0, 0.0]
fríhafnarpoki	[0.0, 0.0, 1.0]	[0.0, 0.0, 1.0]
fríhöfn	[0.0, 1.0, 0.0]	[0.0, 1.0, 0.0]
fríska	[1.0, 0.0, 0.0]	[1.0, 0.0, 0.0]
frítt	[0.0, 1.0, 0.0]	[0.0, 1.0, 0.0]
fríðindakort	[0.0, 1.0, 0.0]	[0.0, 1.0, 0.0]
fríðindamerktur	[0.0, 1.0, 0.0]	[0.0, 1.0, 0.0]
fríður	[0.0, 0.0, 1.0]	[0.0, 0.0, 1.0]
frú	[0.5, 0.5, 0.0]	[0.5, 0.5, 0.0]
full	[0.5, 0.0, 0.5]	[0.5, 0.0, 0.5]
fullkominn	[1.0, 0.0, 0.0]	[1.0, 0.0, 0.0]
fullur	[0.36363636363636365, 0.09090909090909091, 0.5454545454545454]	[0.36363636363636365, 0.09090909090909091, 0.5454545454545454]
fullvaxinn	[1.0, 0.0, 0.0]	[1.0, 0.0, 0.0]
fumlaust	[0.0, 0.0, 1.0]	[0.0, 0.0, 1.0]
furðulegur	[0.0, 0.0, 1.0]	[0.0, 0.0, 1.0]
fylgja	[0.3333333333333333, 0.16666666666666666, 0.5]	[0.3333333333333333, 0.16666666666666666, 0.5]
fylla	[1.0, 0.0, 0.0]	[1.0, 0.0, 0.0]
fyllilega	[1.0, 0.0, 0.0]	[1.0, 0.0, 0.0]
fyndinn	[1.0, 0.0, 0.0]	[1.0, 0.0, 0.0]
fyrir	[0.27976190476190477, 0.1488095238095238, 0.5714285714285714]	[0.27976190476190477, 0.1488095238095238, 0.5714285714285714]
fyrirhöfn	[0.0, 0.0, 1.0]	[0.0, 0.0, 1.0]
fyrirkomulag	[0.3333333333333333, 0.0, 0.6666666666666666]	[0.3333333333333333, 0.0, 0.6666666666666666]
fyrirmynd	[0.6, 0.0, 0.4]	[0.6, 0.0, 0.4]
fyrirtæki	[0.5, 0.0, 0.5]	[0.5, 0.0, 0.5]
fyrirvaralaust	[0.5, 0.0, 0.5]	[0.5, 0.0, 0.5]
fyrirvari	[0.5, 0.0, 0.5]	[0.5, 0.0, 0.5]
fyrri	[0.0, 0.0, 1.0]	[0.0, 0.0, 1.0]
fyrrum	[1.0, 0.0, 0.0]	[1.0, 0.0, 0.0]
fyrstur	[0.2222222222222222, 0.0, 0.7777777777777778]	[0.2222222222222222, 0.0, 0.7777777777777778]
fá	[0.2897196261682243, 0.17757009345794392, 0.5327102803738317]	[0.2897196261682243, 0.17757009345794392, 0.5327102803738317]
fár	[0.0, 0.0, 1.0]	[0.0, 0.0, 1.0]
fáránlegur	[0.5, 0.25, 0.25]	[0.5, 0.25, 0.25]
færa	[0.5263157894736842, 0.05263157894736842, 0.42105263157894735]	[0.5263157894736842, 0.05263157894736842, 0.42105263157894735]
færiband	[0.0, 0.0, 1.0]	[0.0, 0.0, 1.0]
færist	[0.0, 1.0, 0.0]	[0.0, 1.0, 0.0]
færni	[0.5, 0.0, 0.5]	[0.5, 0.0, 0.5]
færð	[1.0, 0.0, 0.0]	[1.0, 0.0, 0.0]
fæða	[0.0, 1.0, 0.0]	[0.0, 1.0, 0.0]
fæðing	[0.0, 0.0, 1.0]	[0.0, 0.0, 1.0]
félag	[0.8, 0.0, 0.2]	[0.8, 0.0, 0.2]
félagi	[0.0, 1.0, 0.0]	[0.0, 1.0, 0.0]
fíla	[0.0, 1.0, 0.0]	[0.0, 1.0, 0.0]
fínn	[0.2, 0.1, 0.7]	[0.2, 0.1, 0.7]
fólk	[0.2916666666666667, 0.2916666666666667, 0.4166666666666667]	[0.2916666666666667, 0.2916666666666667, 0.4166666666666667]
fótapláss	[0.6666666666666666, 0.0, 0.3333333333333333]	[0.6666666666666666, 0.0, 0.3333333333333333]
fótbrotna	[0.0, 0.0, 1.0]	[0.0, 0.0, 1.0]
fótur	[0.0, 0.0, 1.0]	[0.0, 0.0, 1.0]
för	[1.0, 0.0, 0.0]	[1.0, 0.0, 0.0]
föstudagur	[0.0, 0.0, 1.0]	[0.0, 0.0, 1.0]
fúll	[0.0, 0.0, 1.0]	[0.0, 0.0, 1.0]
gagn	[0.75, 0.0, 0.25]	[0.75, 0.0, 0.25]
gagnvart	[0.75, 0.0, 0.25]	[0.75, 0.0, 0.25]
gamall	[0.25, 0.25, 0.5]	[0.25, 0.25, 0.5]
gaman	[0.0, 0.75, 0.25]	[0.0, 0.75, 0.25]
ganga	[0.5, 0.07142857142857142, 0.42857142857142855]	[0.5, 0.07142857142857142, 0.42857142857142855]
gangur	[0.16666666666666666, 0.0, 0.8333333333333334]	[0.16666666666666666, 0.0, 0.8333333333333334]
garður	[0.0, 0.0, 1.0]	[0.0, 0.0, 1.0]
gefa	[0.3157894736842105, 0.15789473684210525, 0.5263157894736842]	[0.3157894736842105, 0.15789473684210525, 0.5263157894736842]
gegn	[0.6666666666666666, 0.0, 0.3333333333333333]	[0.6666666666666666, 0.0, 0.3333333333333333]
gegnum	[0.36363636363636365, 0.2727272727272727, 0.36363636363636365]	[0.36363636363636365, 0.2727272727272727, 0.36363636363636365]
gera	[0.5185185185185185, 0.1111111111111111, 0.37037037037037035]	[0.5185185185185185, 0.1111111111111111, 0.37037037037037035]
geta	[0.4418604651162791, 0.09302325581395349, 0.46511627906976744]	[0.4418604651162791, 0.09302325581395349, 0.46511627906976744]
gilda	[0.0, 0.0, 1.0]	[0.0, 0.0, 1.0]
gista	[0.0, 0.0, 1.0]	[0.0, 0.0, 1.0]
gisting	[1.0, 0.0, 0.0]	[1.0, 0.0, 0.0]
gjald	[1.0, 0.0, 0.0]	[1.0, 0.0, 0.0]
gjarna	[1.0, 0.0, 0.0]	[1.0, 0.0, 0.0]
gjarnan	[0.0, 0.5, 0.5]	[0.0, 0.5, 0.5]
glata	[0.0, 1.0, 0.0]	[0.0, 1.0, 0.0]
glataður	[0.0, 0.0, 1.0]	[0.0, 0.0, 1.0]
glaðlegur	[0.5, 0.0, 0.5]	[0.5, 0.0, 0.5]
glaður	[0.0, 0.0, 1.0]	[0.0, 0.0, 1.0]
gleraugu	[0.0, 0.0, 1.0]	[0.0, 0.0, 1.0]
gleyma	[0.0, 0.0, 1.0]	[0.0, 0.0, 1.0]
gleði	[1.0, 0.0, 0.0]	[1.0, 0.0, 0.0]
gluggasæti	[0.0, 0.3333333333333333, 0.6666666666666666]	[0.0, 0.3333333333333333, 0.6666666666666666]
gluggatjald	[0.0, 0.0, 1.0]	[0.0, 0.0, 1.0]
gluggi	[0.5, 0.5, 0.0]	[0.5, 0.5, 0.0]
glær	[0.0, 0.0, 1.0]	[0.0, 0.0, 1.0]
golfsett	[1.0, 0.0, 0.0]	[1.0, 0.0, 0.0]
goll	[0.0, 0.0, 1.0]	[0.0, 0.0, 1.0]
gos	[0.5, 0.0, 0.5]	[0.5, 0.0, 0.5]
gott	[0.0, 0.0, 1.0]	[0.0, 0.0, 1.0]
goða	[0.5, 0.0, 0.5]	[0.5, 0.0, 0.5]
goður	[1.0, 0.0, 0.0]	[1.0, 0.0, 0.0]
grafa	[1.0, 0.0, 0.0]	[1.0, 0.0, 0.0]
grautur	[0.0, 0.0, 1.0]	[0.0, 0.0, 1.0]
greiddur	[1.0, 0.0, 0.0]	[1.0, 0.0, 0.0]
grein	[0.0, 0.0, 1.0]	[0.0, 0.0, 1.0]
greina	[0.0, 0.0, 1.0]	[0.0, 0.0, 1.0]
greinilega	[0.0, 0.75, 0.25]	[0.0, 0.75, 0.25]
greiða	[0.42857142857142855, 0.07142857142857142, 0.5]	[0.42857142857142855, 0.07142857142857142, 0.5]
greiði	[1.0, 0.0, 0.0]	[1.0, 0.0, 0.0]
greiðslukort	[0.0, 0.0, 1.0]	[0.0, 0.0, 1.0]
grundvöllur	[0.0, 0.0, 1.0]	[0.0, 0.0, 1.0]
grár	[0.0, 0.0, 1.0]	[0.0, 0.0, 1.0]
græja	[0.0, 1.0, 0.0]	[0.0, 1.0, 0.0]
grænkeri	[0.0, 0.0, 1.0]	[0.0, 0.0, 1.0]
grænmeti	[1.0, 0.0, 0.0]	[1.0, 0.0, 0.0]
grænmetisfæði	[0.5, 0.5, 0.0]	[0.5, 0.5, 0.0]
grænmetismatur	[1.0, 0.0, 0.0]	[1.0, 0.0, 0.0]
gríma	[0.25, 0.5, 0.25]	[0.25, 0.5, 0.25]
grímulaus	[0.0, 0.0, 1.0]	[0.0, 0.0, 1.0]
grímunotkun	[0.0, 0.0, 1.0]	[0.0, 0.0, 1.0]
gullkort	[0.0, 0.3333333333333333, 0.6666666666666666]	[0.0, 0.3333333333333333, 0.6666666666666666]
gullkorthafi	[0.0, 0.0, 1.0]	[0.0, 0.0, 1.0]
guð	[0.0, 0.0, 1.0]	[0.0, 0.0, 1.0]
gær	[0.0, 0.16666666666666666, 0.8333333333333334]	[0.0, 0.16666666666666666, 0.8333333333333334]
gæðaeftirlit	[1.0, 0.0, 0.0]	[1.0, 0.0, 0.0]
gífurlegur	[0.0, 0.0, 1.0]	[0.0, 0.0, 1.0]
gólf	[1.0, 0.0, 0.0]	[1.0, 0.0, 0.0]
góður	[0.36, 0.096, 0.544]	[0.36, 0.096, 0.544]
gönguskíði	[1.0, 0.0, 0.0]	[1.0, 0.0, 0.0]
hafa	[0.29927007299270075, 0.1386861313868613, 0.5620437956204379]	[0.29927007299270075, 0.1386861313868613, 0.5620437956204379]
hagsmunir	[0.0, 0.0, 1.0]	[0.0, 0.0, 1.0]
hagstæður	[0.5, 0.0, 0.5]	[0.5, 0.0, 0.5]
haka	[0.0, 1.0, 0.0]	[0.0, 1.0, 0.0]
halarófa	[1.0, 0.0, 0.0]	[1.0, 0.0, 0.0]
halda	[0.4166666666666667, 0.08333333333333333, 0.5]	[0.4166666666666667, 0.08333333333333333, 0.5]
halla	[0.2, 0.2, 0.6]	[0.2, 0.2, 0.6]
haltrandi	[0.0, 0.0, 1.0]	[0.0, 0.0, 1.0]
handfarangur	[0.5, 0.0, 0.5]	[0.5, 0.0, 0.5]
handfarangurstaska	[1.0, 0.0, 0.0]	[1.0, 0.0, 0.0]
handlingur	[0.0, 0.0, 1.0]	[0.0, 0.0, 1.0]
handþurrka	[0.0, 0.0, 1.0]	[0.0, 0.0, 1.0]
hanga	[0.3333333333333333, 0.0, 0.6666666666666666]	[0.3333333333333333, 0.0, 0.6666666666666666]
hangs	[0.0, 1.0, 0.0]	[0.0, 1.0, 0.0]
hannaður	[0.0, 0.5, 0.5]	[0.0, 0.5, 0.5]
harla	[1.0, 0.0, 0.0]	[1.0, 0.0, 0.0]
harður	[0.0, 0.0, 1.0]	[0.0, 0.0, 1.0]
hata	[0.0, 0.0, 1.0]	[0.0, 0.0, 1.0]
haust	[1.0, 0.0, 0.0]	[1.0, 0.0, 0.0]
hausverkur	[1.0, 0.0, 0.0]	[1.0, 0.0, 0.0]
hefja	[0.6666666666666666, 0.3333333333333333, 0.0]	[0.6666666666666666, 0.3333333333333333, 0.0]
hegðun	[0.0, 0.0, 1.0]	[0.0, 0.0, 1.0]
heild	[0.0, 0.0, 1.0]	[0.0, 0.0, 1.0]
heildarupplifun	[0.0, 0.0, 1.0]	[0.0, 0.0, 1.0]
heill	[0.25, 0.0, 0.75]	[0.25, 0.0, 0.75]
heilsuvera	[0.0, 0.0, 1.0]	[0.0, 0.0, 1.0]
heilt	[0.0, 1.0, 0.0]	[0.0, 1.0, 0.0]
heim	[0.13333333333333333, 0.2, 0.6666666666666666]	[0.13333333333333333, 0.2, 0.6666666666666666]
heimasíða	[0.3333333333333333, 0.3333333333333333, 0.3333333333333333]	[0.3333333333333333, 0.3333333333333333, 0.3333333333333333]
heimferð	[0.3333333333333333, 0.0, 0.6666666666666666]	[0.3333333333333333, 0.0, 0.6666666666666666]
heimflug	[1.0, 0.0, 0.0]	[1.0, 0.0, 0.0]
heimför	[0.0, 0.0, 1.0]	[0.0, 0.0, 1.0]
heimkoma	[0.3333333333333333, 0.3333333333333333, 0.3333333333333333]	[0.3333333333333333, 0.3333333333333333, 0.3333333333333333]
heimleið	[0.0, 0.0, 1.0]	[0.0, 0.0, 1.0]
heimsfaraldur	[0.0, 0.0, 1.0]	[0.0, 0.0, 1.0]
heimur	[0.0, 0.5, 0.5]	[0.0, 0.5, 0.5]
heita	[0.0, 0.0, 1.0]	[0.0, 0.0, 1.0]
heitur	[0.0, 0.0, 1.0]	[0.0, 0.0, 1.0]
hellingur	[0.0, 0.0, 1.0]	[0.0, 0.0, 1.0]
helmingur	[0.0, 0.0, 1.0]	[0.0, 0.0, 1.0]
helta	[0.0, 0.0, 1.0]	[0.0, 0.0, 1.0]
henda	[1.0, 0.0, 0.0]	[1.0, 0.0, 0.0]
henta	[0.5, 0.5, 0.0]	[0.5, 0.5, 0.0]
herbergi	[0.5, 0.0, 0.5]	[0.5, 0.0, 0.5]
heyra	[0.0, 0.25, 0.75]	[0.0, 0.25, 0.75]
heyrnarskaði	[0.0, 0.0, 1.0]	[0.0, 0.0, 1.0]
heyrnartól	[0.0, 0.0, 1.0]	[0.0, 0.0, 1.0]
hingað	[0.0, 0.0, 1.0]	[0.0, 0.0, 1.0]
hinkra	[0.0, 1.0, 0.0]	[0.0, 1.0, 0.0]
hinsvegar	[0.0, 0.0, 1.0]	[0.0, 0.0, 1.0]
hissa	[0.3333333333333333, 0.3333333333333333, 0.3333333333333333]	[0.3333333333333333, 0.3333333333333333, 0.3333333333333333]
hjarta	[0.0, 0.5, 0.5]	[0.0, 0.5, 0.5]
hjá	[0.3142857142857143, 0.14285714285714285, 0.5428571428571428]	[0.3142857142857143, 0.14285714285714285, 0.5428571428571428]
hjálp	[1.0, 0.0, 0.0]	[1.0, 0.0, 0.0]
hjálpa	[0.4, 0.0, 0.6]	[0.4, 0.0, 0.6]
hjálplegur	[0.3333333333333333, 0.3333333333333333, 0.3333333333333333]	[0.3333333333333333, 0.3333333333333333, 0.3333333333333333]
hjálpsamur	[0.0, 0.0, 1.0]	[0.0, 0.0, 1.0]
hjálpur	[0.0, 0.0, 1.0]	[0.0, 0.0, 1.0]
hjólastólaþjónusta	[1.0, 0.0, 0.0]	[1.0, 0.0, 0.0]
hjólastóll	[0.0, 0.0, 1.0]	[0.0, 0.0, 1.0]
hjón	[0.3333333333333333, 0.2222222222222222, 0.4444444444444444]	[0.3333333333333333, 0.2222222222222222, 0.4444444444444444]
hlakka	[0.5, 0.0, 0.5]	[0.5, 0.0, 0.5]
hlaupa	[0.0, 0.0, 1.0]	[0.0, 0.0, 1.0]
hleypa	[0.5, 0.0, 0.5]	[0.5, 0.0, 0.5]
hlið	[0.2, 0.06666666666666667, 0.7333333333333333]	[0.2, 0.06666666666666667, 0.7333333333333333]
hljóta	[0.3333333333333333, 0.0, 0.6666666666666666]	[0.3333333333333333, 0.0, 0.6666666666666666]
hljóðkerfi	[0.0, 0.0, 1.0]	[0.0, 0.0, 1.0]
hljóðlátur	[1.0, 0.0, 0.0]	[1.0, 0.0, 0.0]
hlusta	[0.0, 0.0, 1.0]	[0.0, 0.0, 1.0]
hluti	[0.2, 0.2, 0.6]	[0.2, 0.2, 0.6]
hlutur	[0.0, 0.0, 1.0]	[0.0, 0.0, 1.0]
hlutverk	[1.0, 0.0, 0.0]	[1.0, 0.0, 0.0]
hlæja	[1.0, 0.0, 0.0]	[1.0, 0.0, 0.0]
hlíð	[0.0, 1.0, 0.0]	[0.0, 1.0, 0.0]
hlýja	[0.0, 0.0, 1.0]	[0.0, 0.0, 1.0]
hlýr	[0.0, 0.0, 1.0]	[0.0, 0.0, 1.0]
hnakki	[0.0, 1.0, 0.0]	[0.0, 1.0, 0.0]
hnoða	[1.0, 0.0, 0.0]	[1.0, 0.0, 0.0]
horfa	[0.5, 0.0, 0.5]	[0.5, 0.0, 0.5]
hratt	[0.6666666666666666, 0.0, 0.3333333333333333]	[0.6666666666666666, 0.0, 0.3333333333333333]
hrað	[1.0, 0.0, 0.0]	[1.0, 0.0, 0.0]
hreinlega	[0.3333333333333333, 0.0, 0.6666666666666666]	[0.3333333333333333, 0.0, 0.6666666666666666]
hreinlæti	[0.0, 0.0, 1.0]	[0.0, 0.0, 1.0]
hreint	[0.0, 0.0, 1.0]	[0.0, 0.0, 1.0]
hreyfa	[0.0, 0.0, 1.0]	[0.0, 0.0, 1.0]
hreyfihömlun	[1.0, 0.0, 0.0]	[1.0, 0.0, 0.0]
hreyfill	[0.0, 0.0, 1.0]	[0.0, 0.0, 1.0]
hreyfing	[1.0, 0.0, 0.0]	[1.0, 0.0, 0.0]
hrifinn	[0.0, 0.0, 1.0]	[0.0, 0.0, 1.0]
hringja	[0.2857142857142857, 0.2857142857142857, 0.42857142857142855]	[0.2857142857142857, 0.2857142857142857, 0.42857142857142855]
hrista	[0.0, 0.0, 1.0]	[0.0, 0.0, 1.0]
hroki	[0.0, 0.0, 1.0]	[0.0, 0.0, 1.0]
hrun	[1.0, 0.0, 0.0]	[1.0, 0.0, 0.0]
hræðilega	[1.0, 0.0, 0.0]	[1.0, 0.0, 0.0]
hræðilegur	[0.25, 0.25, 0.5]	[0.25, 0.25, 0.5]
hræðsla	[0.0, 0.0, 1.0]	[0.0, 0.0, 1.0]
hrópa	[0.0, 0.0, 1.0]	[0.0, 0.0, 1.0]
hrós	[0.25, 0.125, 0.625]	[0.25, 0.125, 0.625]
hrósa	[0.5, 0.0, 0.5]	[0.5, 0.0, 0.5]
huga	[0.0, 0.5, 0.5]	[0.0, 0.5, 0.5]
hugsa	[0.0, 0.2, 0.8]	[0.0, 0.2, 0.8]
hugsi	[0.0, 0.0, 1.0]	[0.0, 0.0, 1.0]
hulstur	[0.0, 0.0, 1.0]	[0.0, 0.0, 1.0]
hundur	[0.5, 0.0, 0.5]	[0.5, 0.0, 0.5]
hurð	[1.0, 0.0, 0.0]	[1.0, 0.0, 0.0]
hvar	[0.3333333333333333, 0.3333333333333333, 0.3333333333333333]	[0.3333333333333333, 0.3333333333333333, 0.3333333333333333]
hvass	[0.0, 0.0, 1.0]	[0.0, 0.0, 1.0]
hvenær	[0.0, 1.0, 0.0]	[0.0, 1.0, 0.0]
hverfa	[0.0, 0.0, 1.0]	[0.0, 0.0, 1.0]
hvergi	[1.0, 0.0, 0.0]	[1.0, 0.0, 0.0]
hvernig	[0.5, 0.2, 0.3]	[0.5, 0.2, 0.3]
hversu	[0.0, 0.0, 1.0]	[0.0, 0.0, 1.0]
hvert	[0.0, 1.0, 0.0]	[0.0, 1.0, 0.0]
hvíla	[0.0, 0.0, 1.0]	[0.0, 0.0, 1.0]
hálf	[0.0, 0.0, 1.0]	[0.0, 0.0, 1.0]
hálfrotaður	[0.0, 0.0, 1.0]	[0.0, 0.0, 1.0]
hálftími	[0.0, 0.0, 1.0]	[0.0, 0.0, 1.0]
hálftómur	[0.0, 0.0, 1.0]	[0.0, 0.0, 1.0]
hálfur	[0.25, 0.25, 0.5]	[0.25, 0.25, 0.5]
hámark	[1.0, 0.0, 0.0]	[1.0, 0.0, 0.0]
hár	[0.0, 0.3333333333333333, 0.6666666666666666]	[0.0, 0.3333333333333333, 0.6666666666666666]
hátalarakerfi	[0.3333333333333333, 0.0, 0.6666666666666666]	[0.3333333333333333, 0.0, 0.6666666666666666]
hátt	[0.3333333333333333, 0.3333333333333333, 0.3333333333333333]	[0.3333333333333333, 0.3333333333333333, 0.3333333333333333]
háttur	[0.0, 0.0, 1.0]	[0.0, 0.0, 1.0]
hávaði	[0.5, 0.0, 0.5]	[0.5, 0.0, 0.5]
hæglega	[0.0, 0.0, 1.0]	[0.0, 0.0, 1.0]
hægri	[0.5, 0.0, 0.5]	[0.5, 0.0, 0.5]
hægt	[0.0, 0.0, 1.0]	[0.0, 0.0, 1.0]
hægur	[0.3, 0.23333333333333334, 0.4666666666666667]	[0.3, 0.23333333333333334, 0.4666666666666667]
hætta	[0.0, 0.0, 1.0]	[0.0, 0.0, 1.0]
hér	[0.4, 0.4, 0.2]	[0.4, 0.4, 0.2]
hólf	[0.5, 0.5, 0.0]	[0.5, 0.5, 0.0]
hópur	[0.2, 0.0, 0.8]	[0.2, 0.0, 0.8]
hótel	[0.5, 0.0, 0.5]	[0.5, 0.0, 0.5]
hótelherbergi	[1.0, 0.0, 0.0]	[1.0, 0.0, 0.0]
höfuð	[0.0, 0.0, 1.0]	[0.0, 0.0, 1.0]
hönd	[0.0, 1.0, 0.0]	[0.0, 1.0, 0.0]
hörmung	[0.0, 1.0, 0.0]	[0.0, 1.0, 0.0]
ialand	[1.0, 0.0, 0.0]	[1.0, 0.0, 0.0]
illa	[0.26666666666666666, 0.2, 0.5333333333333333]	[0.26666666666666666, 0.2, 0.5333333333333333]
illur	[0.3333333333333333, 0.0, 0.6666666666666666]	[0.3333333333333333, 0.0, 0.6666666666666666]
ingi	[0.0, 0.0, 1.0]	[0.0, 0.0, 1.0]
inn	[0.27586206896551724, 0.10344827586206896, 0.6206896551724138]	[0.27586206896551724, 0.10344827586206896, 0.6206896551724138]
innanlands	[0.0, 0.6666666666666666, 0.3333333333333333]	[0.0, 0.6666666666666666, 0.3333333333333333]
innanlandsflug	[0.6, 0.0, 0.4]	[0.6, 0.0, 0.4]
inneign	[0.0, 1.0, 0.0]	[0.0, 1.0, 0.0]
inngangur	[1.0, 0.0, 0.0]	[1.0, 0.0, 0.0]
inni	[0.25, 0.0, 0.75]	[0.25, 0.0, 0.75]
innifalinn	[0.0, 1.0, 0.0]	[0.0, 1.0, 0.0]
innilega	[0.0, 1.0, 0.0]	[0.0, 1.0, 0.0]
innrita	[0.375, 0.25, 0.375]	[0.375, 0.25, 0.375]
innritaður	[0.5, 0.0, 0.5]	[0.5, 0.0, 0.5]
innritun	[0.38461538461538464, 0.1794871794871795, 0.4358974358974359]	[0.38461538461538464, 0.1794871794871795, 0.4358974358974359]
innritunarborð	[0.0, 0.0, 1.0]	[0.0, 0.0, 1.0]
innritunarferli	[0.0, 0.0, 1.0]	[0.0, 0.0, 1.0]
innritunarfólk	[0.0, 0.0, 1.0]	[0.0, 0.0, 1.0]
innritunarkassi	[0.0, 0.0, 1.0]	[0.0, 0.0, 1.0]
innritunarröð	[0.0, 0.0, 1.0]	[0.0, 0.0, 1.0]
innritunarsalur	[1.0, 0.0, 0.0]	[1.0, 0.0, 0.0]
innritunarstarfsmaður	[0.0, 0.0, 1.0]	[0.0, 0.0, 1.0]
islenskur	[0.0, 0.0, 1.0]	[0.0, 0.0, 1.0]
jafn	[0.3333333333333333, 0.0, 0.6666666666666666]	[0.3333333333333333, 0.0, 0.6666666666666666]
jafnframt	[0.0, 1.0, 0.0]	[0.0, 1.0, 0.0]
jafnvel	[0.6666666666666666, 0.0, 0.3333333333333333]	[0.6666666666666666, 0.0, 0.3333333333333333]
janúar	[0.5, 0.25, 0.25]	[0.5, 0.25, 0.25]
jarðarför	[0.0, 0.0, 1.0]	[0.0, 0.0, 1.0]
jákvæður	[0.6666666666666666, 0.0, 0.3333333333333333]	[0.6666666666666666, 0.0, 0.3333333333333333]
jól	[0.0, 1.0, 0.0]	[0.0, 1.0, 0.0]
kaffi	[0.0, 0.0, 1.0]	[0.0, 0.0, 1.0]
kaldur	[1.0, 0.0, 0.0]	[1.0, 0.0, 0.0]
kalla	[0.0, 0.0, 1.0]	[0.0, 0.0, 1.0]
kallfæri	[1.0, 0.0, 0.0]	[1.0, 0.0, 0.0]
kanna	[0.0, 0.0, 1.0]	[0.0, 0.0, 1.0]
kannski	[0.25, 0.25, 0.5]	[0.25, 0.25, 0.5]
kaup	[1.0, 0.0, 0.0]	[1.0, 0.0, 0.0]
kaupa	[0.21052631578947367, 0.21052631578947367, 0.5789473684210527]	[0.21052631578947367, 0.21052631578947367, 0.5789473684210527]
kaupmannahöfn	[0.42857142857142855, 0.2857142857142857, 0.2857142857142857]	[0.42857142857142855, 0.2857142857142857, 0.2857142857142857]
kef	[0.5, 0.0, 0.5]	[0.5, 0.0, 0.5]
kef-fravar	[1.0, 0.0, 0.0]	[1.0, 0.0, 0.0]
keflavík	[0.2857142857142857, 0.14285714285714285, 0.5714285714285714]	[0.2857142857142857, 0.14285714285714285, 0.5714285714285714]
keflavíkurflugvöllur	[0.0, 0.0, 1.0]	[0.0, 0.0, 1.0]
kennsla	[0.0, 0.0, 1.0]	[0.0, 0.0, 1.0]
kerfi	[0.375, 0.125, 0.5]	[0.375, 0.125, 0.5]
ketó	[1.0, 0.0, 0.0]	[1.0, 0.0, 0.0]
keyra	[0.5, 0.0, 0.5]	[0.5, 0.0, 0.5]
kjánalegur	[0.0, 0.0, 1.0]	[0.0, 0.0, 1.0]
kjósa	[0.0, 0.5, 0.5]	[0.0, 0.5, 0.5]
kjötsúpa	[0.0, 1.0, 0.0]	[0.0, 1.0, 0.0]
klarlega	[0.0, 0.0, 1.0]	[0.0, 0.0, 1.0]
klassi	[0.0, 1.0, 0.0]	[0.0, 1.0, 0.0]
klikka	[0.5, 0.0, 0.5]	[0.5, 0.0, 0.5]
klukkustund	[0.6666666666666666, 0.0, 0.3333333333333333]	[0.6666666666666666, 0.0, 0.3333333333333333]
klukkutími	[0.5, 0.16666666666666666, 0.3333333333333333]	[0.5, 0.16666666666666666, 0.3333333333333333]
klárlega	[1.0, 0.0, 0.0]	[1.0, 0.0, 0.0]
klæðaburður	[0.0, 0.0, 1.0]	[0.0, 0.0, 1.0]
klénn	[1.0, 0.0, 0.0]	[1.0, 0.0, 0.0]
klósett	[0.3333333333333333, 0.3333333333333333, 0.3333333333333333]	[0.3333333333333333, 0.3333333333333333, 0.3333333333333333]
kolvetnasnauður	[0.0, 0.0, 1.0]	[0.0, 0.0, 1.0]
koma	[0.29411764705882354, 0.14705882352941177, 0.5588235294117647]	[0.29411764705882354, 0.14705882352941177, 0.5588235294117647]
komu	[0.0, 0.0, 1.0]	[0.0, 0.0, 1.0]
komusalur	[0.0, 1.0, 0.0]	[0.0, 1.0, 0.0]
kona	[0.15384615384615385, 0.07692307692307693, 0.7692307692307693]	[0.15384615384615385, 0.07692307692307693, 0.7692307692307693]
konar	[0.5, 0.0, 0.5]	[0.5, 0.0, 0.5]
kort	[0.75, 0.0, 0.25]	[0.75, 0.0, 0.25]
korter	[1.0, 0.0, 0.0]	[1.0, 0.0, 0.0]
korthafi	[0.5, 0.0, 0.5]	[0.5, 0.0, 0.5]
kosta	[0.2, 0.0, 0.8]	[0.2, 0.0, 0.8]
kostnaður	[0.4, 0.2, 0.4]	[0.4, 0.2, 0.4]
kostur	[0.25, 0.0, 0.75]	[0.25, 0.0, 0.75]
krafa	[0.0, 0.0, 1.0]	[0.0, 0.0, 1.0]
krakki	[0.0, 0.0, 1.0]	[0.0, 0.0, 1.0]
krefja	[0.0, 0.0, 1.0]	[0.0, 0.0, 1.0]
kringum	[0.0, 0.0, 1.0]	[0.0, 0.0, 1.0]
króna	[0.0, 0.0, 1.0]	[0.0, 0.0, 1.0]
kuldi	[0.0, 1.0, 0.0]	[0.0, 1.0, 0.0]
kunna	[0.0, 0.0, 1.0]	[0.0, 0.0, 1.0]
kunningi	[0.0, 0.0, 1.0]	[0.0, 0.0, 1.0]
kurteis	[0.0, 0.0, 1.0]	[0.0, 0.0, 1.0]
kvarta	[0.25, 0.5, 0.25]	[0.25, 0.5, 0.25]
kvenmaður	[0.0, 0.0, 1.0]	[0.0, 0.0, 1.0]
kveðja	[0.0, 0.6666666666666666, 0.3333333333333333]	[0.0, 0.6666666666666666, 0.3333333333333333]
kvikmynd	[0.0, 0.0, 1.0]	[0.0, 0.0, 1.0]
kvíðafullur	[0.0, 0.0, 1.0]	[0.0, 0.0, 1.0]
kvíði	[1.0, 0.0, 0.0]	[1.0, 0.0, 0.0]
kvöld	[0.0, 0.0, 1.0]	[0.0, 0.0, 1.0]
kvöldmatur	[0.0, 0.0, 1.0]	[0.0, 0.0, 1.0]
kær	[0.0, 0.4, 0.6]	[0.0, 0.4, 0.6]
kærkominn	[0.5, 0.0, 0.5]	[0.5, 0.0, 0.5]
kærlega	[0.0, 0.0, 1.0]	[0.0, 0.0, 1.0]
kíkja	[0.0, 0.0, 1.0]	[0.0, 0.0, 1.0]
könnun	[0.5, 0.0, 0.5]	[0.5, 0.0, 0.5]
kýrskýr	[0.0, 0.0, 1.0]	[0.0, 0.0, 1.0]
labba	[0.5, 0.0, 0.5]	[0.5, 0.0, 0.5]
lag	[0.14285714285714285, 0.14285714285714285, 0.7142857142857143]	[0.14285714285714285, 0.14285714285714285, 0.7142857142857143]
laga	[0.3, 0.2, 0.5]	[0.3, 0.2, 0.5]
lagaval	[0.0, 0.0, 1.0]	[0.0, 0.0, 1.0]
lakur	[0.0, 0.0, 1.0]	[0.0, 0.0, 1.0]
lambakjötsúpa	[0.0, 0.0, 1.0]	[0.0, 0.0, 1.0]
land	[0.3333333333333333, 0.16666666666666666, 0.5]	[0.3333333333333333, 0.16666666666666666, 0.5]
landgangur	[0.5, 0.5, 0.0]	[0.5, 0.5, 0.0]
langa	[0.0, 0.0, 1.0]	[0.0, 0.0, 1.0]
langbestur	[0.0, 0.0, 1.0]	[0.0, 0.0, 1.0]
langlokur	[0.0, 0.0, 1.0]	[0.0, 0.0, 1.0]
langsíðastur	[0.0, 1.0, 0.0]	[0.0, 1.0, 0.0]
langt	[0.3333333333333333, 0.0, 0.6666666666666666]	[0.3333333333333333, 0.0, 0.6666666666666666]
langur	[0.25, 0.32142857142857145, 0.42857142857142855]	[0.25, 0.32142857142857145, 0.42857142857142855]
laugardagur	[0.0, 0.0, 1.0]	[0.0, 0.0, 1.0]
laus	[0.0, 0.0, 1.0]	[0.0, 0.0, 1.0]
leggja	[0.75, 0.25, 0.0]	[0.75, 0.25, 0.0]
leggur	[0.0, 0.5, 0.5]	[0.0, 0.5, 0.5]
leiksvæði	[1.0, 0.0, 0.0]	[1.0, 0.0, 0.0]
leita	[0.0, 0.3333333333333333, 0.6666666666666666]	[0.0, 0.3333333333333333, 0.6666666666666666]
leiti	[1.0, 0.0, 0.0]	[1.0, 0.0, 0.0]
leið	[0.20689655172413793, 0.2413793103448276, 0.5517241379310345]	[0.20689655172413793, 0.2413793103448276, 0.5517241379310345]
leiða	[0.0, 0.0, 1.0]	[0.0, 0.0, 1.0]
leiðbeining	[1.0, 0.0, 0.0]	[1.0, 0.0, 0.0]
leiðindaveður	[0.0, 0.0, 1.0]	[0.0, 0.0, 1.0]
leiðindi	[0.0, 0.0, 1.0]	[0.0, 0.0, 1.0]
leiðinlegur	[0.14285714285714285, 0.14285714285714285, 0.7142857142857143]	[0.14285714285714285, 0.14285714285714285, 0.7142857142857143]
lenda	[0.30434782608695654, 0.21739130434782608, 0.4782608695652174]	[0.30434782608695654, 0.21739130434782608, 0.4782608695652174]
lending	[0.4444444444444444, 0.1111111111111111, 0.4444444444444444]	[0.4444444444444444, 0.1111111111111111, 0.4444444444444444]
lengi	[0.5, 0.16666666666666666, 0.3333333333333333]	[0.5, 0.16666666666666666, 0.3333333333333333]
lengja	[0.0, 0.0, 1.0]	[0.0, 0.0, 1.0]
lesa	[0.0, 0.6666666666666666, 0.3333333333333333]	[0.0, 0.6666666666666666, 0.3333333333333333]
lesefni	[0.0, 0.0, 1.0]	[0.0, 0.0, 1.0]
lest	[0.3333333333333333, 0.3333333333333333, 0.3333333333333333]	[0.3333333333333333, 0.3333333333333333, 0.3333333333333333]
lestarferð	[1.0, 0.0, 0.0]	[1.0, 0.0, 0.0]
leyfa	[1.0, 0.0, 0.0]	[1.0, 0.0, 0.0]
leyfi	[0.0, 0.0, 1.0]	[0.0, 0.0, 1.0]
leysa	[0.5, 0.0, 0.5]	[0.5, 0.0, 0.5]
leyti	[0.0, 0.0, 1.0]	[0.0, 0.0, 1.0]
lifandi	[0.0, 0.0, 1.0]	[0.0, 0.0, 1.0]
liggja	[0.3333333333333333, 0.3333333333333333, 0.3333333333333333]	[0.3333333333333333, 0.3333333333333333, 0.3333333333333333]
ljós	[0.4, 0.2, 0.4]	[0.4, 0.2, 0.4]
ljótlega	[0.0, 0.0, 1.0]	[0.0, 0.0, 1.0]
ljúfur	[0.0, 0.0, 1.0]	[0.0, 0.0, 1.0]
ljúka	[0.0, 0.0, 1.0]	[0.0, 0.0, 1.0]
lof	[0.0, 1.0, 0.0]	[0.0, 1.0, 0.0]
lofa	[1.0, 0.0, 0.0]	[1.0, 0.0, 0.0]
loft	[0.3333333333333333, 0.1111111111111111, 0.5555555555555556]	[0.3333333333333333, 0.1111111111111111, 0.5555555555555556]
loftbrú	[1.0, 0.0, 0.0]	[1.0, 0.0, 0.0]
loftlaus	[0.5, 0.0, 0.5]	[0.5, 0.0, 0.5]
loftristi	[1.0, 0.0, 0.0]	[1.0, 0.0, 0.0]
loftræsting	[1.0, 0.0, 0.0]	[1.0, 0.0, 0.0]
lok	[0.3333333333333333, 0.0, 0.6666666666666666]	[0.3333333333333333, 0.0, 0.6666666666666666]
loka	[0.5, 0.5, 0.0]	[0.5, 0.5, 0.0]
lokaður	[1.0, 0.0, 0.0]	[1.0, 0.0, 0.0]
lokaútkall	[0.0, 0.0, 1.0]	[0.0, 0.0, 1.0]
loks	[0.5, 0.0, 0.5]	[0.5, 0.0, 0.5]
loksins	[0.25, 0.25, 0.5]	[0.25, 0.25, 0.5]
losa	[1.0, 0.0, 0.0]	[1.0, 0.0, 0.0]
lufthans	[0.0, 0.0, 1.0]	[0.0, 0.0, 1.0]
lufthansi	[0.75, 0.0, 0.25]	[0.75, 0.0, 0.25]
lyfta	[1.0, 0.0, 0.0]	[1.0, 0.0, 0.0]
lykill	[1.0, 0.0, 0.0]	[1.0, 0.0, 0.0]
lykilorð	[1.0, 0.0, 0.0]	[1.0, 0.0, 0.0]
lyst	[0.0, 0.0, 1.0]	[0.0, 0.0, 1.0]
lággjald	[0.3333333333333333, 0.0, 0.6666666666666666]	[0.3333333333333333, 0.0, 0.6666666666666666]
lággjaldaflugfélag	[0.5, 0.0, 0.5]	[0.5, 0.0, 0.5]
lágmarka	[0.0, 0.0, 1.0]	[0.0, 0.0, 1.0]
láta	[0.3333333333333333, 0.1111111111111111, 0.5555555555555556]	[0.3333333333333333, 0.1111111111111111, 0.5555555555555556]
látin	[0.0, 0.0, 1.0]	[0.0, 0.0, 1.0]
læra	[0.0, 0.0, 1.0]	[0.0, 0.0, 1.0]
lélegur	[0.5, 0.1, 0.4]	[0.5, 0.1, 0.4]
líf	[0.0, 0.0, 1.0]	[0.0, 0.0, 1.0]
líka	[0.2222222222222222, 0.3333333333333333, 0.4444444444444444]	[0.2222222222222222, 0.3333333333333333, 0.4444444444444444]
líklega	[0.5, 0.0, 0.5]	[0.5, 0.0, 0.5]
líkt	[0.0, 0.0, 1.0]	[0.0, 0.0, 1.0]
líta	[0.5, 0.25, 0.25]	[0.5, 0.25, 0.25]
lítill	[0.47368421052631576, 0.10526315789473684, 0.42105263157894735]	[0.47368421052631576, 0.10526315789473684, 0.42105263157894735]
lítið	[0.0, 1.0, 0.0]	[0.0, 1.0, 0.0]
lítt	[0.5714285714285714, 0.0, 0.42857142857142855]	[0.5714285714285714, 0.0, 0.42857142857142855]
líða	[0.6666666666666666, 0.3333333333333333, 0.0]	[0.6666666666666666, 0.3333333333333333, 0.0]
lúinn	[0.0, 0.0, 1.0]	[0.0, 0.0, 1.0]
lúta	[0.0, 0.0, 1.0]	[0.0, 0.0, 1.0]
magnaður	[0.0, 1.0, 0.0]	[0.0, 1.0, 0.0]
mail	[0.0, 0.0, 1.0]	[0.0, 0.0, 1.0]
maill	[0.0, 0.0, 1.0]	[0.0, 0.0, 1.0]
maki	[0.0, 0.0, 1.0]	[0.0, 0.0, 1.0]
manneskja	[0.0, 0.25, 0.75]	[0.0, 0.25, 0.75]
mannlegur	[0.0, 0.0, 1.0]	[0.0, 0.0, 1.0]
margur	[0.15789473684210525, 0.05263157894736842, 0.7894736842105263]	[0.15789473684210525, 0.05263157894736842, 0.7894736842105263]
mark	[0.0, 0.0, 1.0]	[0.0, 0.0, 1.0]
marka	[1.0, 0.0, 0.0]	[1.0, 0.0, 0.0]
mars	[1.0, 0.0, 0.0]	[1.0, 0.0, 0.0]
masa	[0.0, 0.0, 1.0]	[0.0, 0.0, 1.0]
mat	[0.3333333333333333, 0.0, 0.6666666666666666]	[0.3333333333333333, 0.0, 0.6666666666666666]
matarbakki	[0.3333333333333333, 0.3333333333333333, 0.3333333333333333]	[0.3333333333333333, 0.3333333333333333, 0.3333333333333333]
matarflokkur	[0.0, 1.0, 0.0]	[0.0, 1.0, 0.0]
matarpakki	[0.0, 0.0, 1.0]	[0.0, 0.0, 1.0]
matseðill	[0.0, 0.0, 1.0]	[0.0, 0.0, 1.0]
matur	[0.4230769230769231, 0.0, 0.5769230769230769]	[0.4230769230769231, 0.0, 0.5769230769230769]
maður	[0.3333333333333333, 0.08333333333333333, 0.5833333333333334]	[0.3333333333333333, 0.08333333333333333, 0.5833333333333334]
mega	[0.21428571428571427, 0.07142857142857142, 0.7142857142857143]	[0.21428571428571427, 0.07142857142857142, 0.7142857142857143]
megin	[1.0, 0.0, 0.0]	[1.0, 0.0, 0.0]
megingangur	[0.0, 0.0, 1.0]	[0.0, 0.0, 1.0]
meina	[0.0, 0.0, 1.0]	[0.0, 0.0, 1.0]
meiri	[1.0, 0.0, 0.0]	[1.0, 0.0, 0.0]
meirsveigjanleiki	[0.0, 0.0, 1.0]	[0.0, 0.0, 1.0]
member	[1.0, 0.0, 0.0]	[1.0, 0.0, 0.0]
menning	[1.0, 0.0, 0.0]	[1.0, 0.0, 0.0]
merking	[1.0, 0.0, 0.0]	[1.0, 0.0, 0.0]
meta	[0.0, 0.0, 1.0]	[0.0, 0.0, 1.0]
með	[0.2736842105263158, 0.1736842105263158, 0.5526315789473685]	[0.2736842105263158, 0.1736842105263158, 0.5526315789473685]
meðaltal	[0.0, 0.0, 1.0]	[0.0, 0.0, 1.0]
meðvitaður	[0.0, 0.0, 1.0]	[0.0, 0.0, 1.0]
mikill	[0.20454545454545456, 0.09090909090909091, 0.7045454545454546]	[0.20454545454545456, 0.09090909090909091, 0.7045454545454546]
mikillur	[1.0, 0.0, 0.0]	[1.0, 0.0, 0.0]
mikilvægast	[1.0, 0.0, 0.0]	[1.0, 0.0, 0.0]
mikilvægur	[0.3333333333333333, 0.3333333333333333, 0.3333333333333333]	[0.3333333333333333, 0.3333333333333333, 0.3333333333333333]
mikið	[0.5833333333333334, 0.08333333333333333, 0.3333333333333333]	[0.5833333333333334, 0.08333333333333333, 0.3333333333333333]
milli	[0.3333333333333333, 0.3333333333333333, 0.3333333333333333]	[0.3333333333333333, 0.3333333333333333, 0.3333333333333333]
millilandaflug	[0.0, 1.0, 0.0]	[0.0, 1.0, 0.0]
millilenda	[0.0, 0.0, 1.0]	[0.0, 0.0, 1.0]
millilending	[0.0, 1.0, 0.0]	[0.0, 1.0, 0.0]
minna	[0.6666666666666666, 0.0, 0.3333333333333333]	[0.6666666666666666, 0.0, 0.3333333333333333]
minnka	[0.0, 1.0, 0.0]	[0.0, 1.0, 0.0]
misgóður	[0.0, 0.0, 1.0]	[0.0, 0.0, 1.0]
misjafn	[0.0, 0.0, 1.0]	[0.0, 0.0, 1.0]
mismunandi	[0.0, 1.0, 0.0]	[0.0, 1.0, 0.0]
misræmi	[0.0, 0.0, 1.0]	[0.0, 0.0, 1.0]
missa	[0.25, 0.0, 0.75]	[0.25, 0.0, 0.75]
misvanur	[1.0, 0.0, 0.0]	[1.0, 0.0, 0.0]
mitt	[1.0, 0.0, 0.0]	[1.0, 0.0, 0.0]
mið	[1.0, 0.0, 0.0]	[1.0, 0.0, 0.0]
miða	[0.3333333333333333, 0.0, 0.6666666666666666]	[0.3333333333333333, 0.0, 0.6666666666666666]
miði	[0.25, 0.125, 0.625]	[0.25, 0.125, 0.625]
miðla	[0.0, 0.0, 1.0]	[0.0, 0.0, 1.0]
miðr	[0.0, 0.0, 1.0]	[0.0, 0.0, 1.0]
miður	[1.0, 0.0, 0.0]	[1.0, 0.0, 0.0]
miðvikudagur	[1.0, 0.0, 0.0]	[1.0, 0.0, 0.0]
mjór	[0.0, 0.0, 1.0]	[0.0, 0.0, 1.0]
mjög	[0.3805309734513274, 0.1415929203539823, 0.4778761061946903]	[0.3805309734513274, 0.1415929203539823, 0.4778761061946903]
morgunflug	[0.0, 0.0, 1.0]	[0.0, 0.0, 1.0]
morgunmatur	[0.0, 0.0, 1.0]	[0.0, 0.0, 1.0]
morgunn	[0.5, 0.0, 0.5]	[0.5, 0.0, 0.5]
muna	[0.5, 0.25, 0.25]	[0.5, 0.25, 0.25]
munnur	[0.0, 0.0, 1.0]	[0.0, 0.0, 1.0]
munu	[0.2, 0.26666666666666666, 0.5333333333333333]	[0.2, 0.26666666666666666, 0.5333333333333333]
munur	[0.14285714285714285, 0.2857142857142857, 0.5714285714285714]	[0.14285714285714285, 0.2857142857142857, 0.5714285714285714]
mynd	[0.45454545454545453, 0.09090909090909091, 0.45454545454545453]	[0.45454545454545453, 0.09090909090909091, 0.45454545454545453]
mynda	[0.0, 0.5, 0.5]	[0.0, 0.5, 0.5]
myndu	[0.0, 1.0, 0.0]	[0.0, 1.0, 0.0]
mál	[0.3333333333333333, 0.16666666666666666, 0.5]	[0.3333333333333333, 0.16666666666666666, 0.5]
máltíð	[0.3333333333333333, 0.0, 0.6666666666666666]	[0.3333333333333333, 0.0, 0.6666666666666666]
mánuður	[0.5, 0.0, 0.5]	[0.5, 0.0, 0.5]
máta	[0.5, 0.0, 0.5]	[0.5, 0.0, 0.5]
mæla	[0.0, 1.0, 0.0]	[0.0, 1.0, 0.0]
mæta	[0.2631578947368421, 0.05263157894736842, 0.6842105263157895]	[0.2631578947368421, 0.05263157894736842, 0.6842105263157895]
mæða	[1.0, 0.0, 0.0]	[1.0, 0.0, 0.0]
mæðgur	[0.0, 0.0, 1.0]	[0.0, 0.0, 1.0]
mínu	[1.0, 0.0, 0.0]	[1.0, 0.0, 0.0]
mínus	[1.0, 0.0, 0.0]	[1.0, 0.0, 0.0]
mínúta	[0.375, 0.125, 0.5]	[0.375, 0.125, 0.5]
mót	[0.0, 0.5, 0.5]	[0.0, 0.5, 0.5]
móti	[0.3333333333333333, 0.16666666666666666, 0.5]	[0.3333333333333333, 0.16666666666666666, 0.5]
móðir	[0.0, 0.0, 1.0]	[0.0, 0.0, 1.0]
mögulega	[0.0, 1.0, 0.0]	[0.0, 1.0, 0.0]
mögulegur	[0.0, 0.5, 0.5]	[0.0, 0.5, 0.5]
möguleiki	[0.5, 0.25, 0.25]	[0.5, 0.25, 0.25]
mýkt	[0.0, 0.0, 1.0]	[0.0, 0.0, 1.0]
nafn	[1.0, 0.0, 0.0]	[1.0, 0.0, 0.0]
nammi	[0.0, 0.0, 1.0]	[0.0, 0.0, 1.0]
nauðsyn	[1.0, 0.0, 0.0]	[1.0, 0.0, 0.0]
nef	[0.0, 0.0, 1.0]	[0.0, 0.0, 1.0]
nefna	[1.0, 0.0, 0.0]	[1.0, 0.0, 0.0]
neikvæður	[0.0, 0.6666666666666666, 0.3333333333333333]	[0.0, 0.6666666666666666, 0.3333333333333333]
neisstaðr	[1.0, 0.0, 0.0]	[1.0, 0.0, 0.0]
neita	[0.5, 0.0, 0.5]	[0.5, 0.0, 0.5]
nenna	[0.0, 1.0, 0.0]	[0.0, 1.0, 0.0]
nesti	[0.0, 0.0, 1.0]	[0.0, 0.0, 1.0]
net	[0.2857142857142857, 0.2857142857142857, 0.42857142857142855]	[0.2857142857142857, 0.2857142857142857, 0.42857142857142855]
netinnritu	[0.0, 1.0, 0.0]	[0.0, 1.0, 0.0]
netnál	[0.0, 0.0, 1.0]	[0.0, 0.0, 1.0]
neyðarútgangur	[1.0, 0.0, 0.0]	[1.0, 0.0, 0.0]
neyðaútgángur	[0.0, 0.0, 1.0]	[0.0, 0.0, 1.0]
neðan	[0.0, 0.0, 1.0]	[0.0, 0.0, 1.0]
niður	[0.42105263157894735, 0.10526315789473684, 0.47368421052631576]	[0.42105263157894735, 0.10526315789473684, 0.47368421052631576]
niðurfelling	[0.3333333333333333, 0.0, 0.6666666666666666]	[0.3333333333333333, 0.0, 0.6666666666666666]
niðurlægjandi	[0.0, 0.0, 1.0]	[0.0, 0.0, 1.0]
njóta	[1.0, 0.0, 0.0]	[1.0, 0.0, 0.0]
noregur	[0.0, 0.0, 1.0]	[0.0, 0.0, 1.0]
norðmaður	[0.0, 1.0, 0.0]	[0.0, 1.0, 0.0]
norðurlandamál	[0.0, 0.0, 1.0]	[0.0, 0.0, 1.0]
nota	[0.4444444444444444, 0.2222222222222222, 0.3333333333333333]	[0.4444444444444444, 0.2222222222222222, 0.3333333333333333]
notalegur	[0.4, 0.0, 0.6]	[0.4, 0.0, 0.6]
ná	[0.4, 0.06666666666666667, 0.5333333333333333]	[0.4, 0.06666666666666667, 0.5333333333333333]
náið	[0.4444444444444444, 0.0, 0.5555555555555556]	[0.4444444444444444, 0.0, 0.5555555555555556]
nákvæmlega	[1.0, 0.0, 0.0]	[1.0, 0.0, 0.0]
nálægt	[0.25, 0.25, 0.5]	[0.25, 0.25, 0.5]
námskeið	[1.0, 0.0, 0.0]	[1.0, 0.0, 0.0]
nánar	[0.0, 0.0, 1.0]	[0.0, 0.0, 1.0]
náttúra	[1.0, 0.0, 0.0]	[1.0, 0.0, 0.0]
nægilegur	[0.0, 0.0, 1.0]	[0.0, 0.0, 1.0]
nægur	[1.0, 0.0, 0.0]	[1.0, 0.0, 0.0]
nær	[0.0, 0.0, 1.0]	[0.0, 0.0, 1.0]
nærri	[1.0, 0.0, 0.0]	[1.0, 0.0, 0.0]
næs	[0.0, 0.0, 1.0]	[0.0, 0.0, 1.0]
næstum	[0.0, 0.0, 1.0]	[0.0, 0.0, 1.0]
næstur	[0.25, 0.25, 0.5]	[0.25, 0.25, 0.5]
nógur	[0.4, 0.0, 0.6]	[0.4, 0.0, 0.6]
nótt	[0.5, 0.0, 0.5]	[0.5, 0.0, 0.5]
nú	[0.0, 0.75, 0.25]	[0.0, 0.75, 0.25]
númer	[0.5, 0.5, 0.0]	[0.5, 0.5, 0.0]
núna	[0.0, 0.2, 0.8]	[0.0, 0.2, 0.8]
núverandi	[1.0, 0.0, 0.0]	[1.0, 0.0, 0.0]
nýr	[0.2222222222222222, 0.0, 0.7777777777777778]	[0.2222222222222222, 0.0, 0.7777777777777778]
nýrra	[1.0, 0.0, 0.0]	[1.0, 0.0, 0.0]
nýta	[0.0, 0.0, 1.0]	[0.0, 0.0, 1.0]
of	[0.25, 0.2, 0.55]	[0.25, 0.2, 0.55]
ofan	[0.0, 0.0, 1.0]	[0.0, 0.0, 1.0]
ofangreindur	[0.0, 1.0, 0.0]	[0.0, 1.0, 0.0]
oft	[0.36363636363636365, 0.2727272727272727, 0.36363636363636365]	[0.36363636363636365, 0.2727272727272727, 0.36363636363636365]
ok	[0.5, 0.0, 0.5]	[0.5, 0.0, 0.5]
opna	[0.4444444444444444, 0.3333333333333333, 0.2222222222222222]	[0.4444444444444444, 0.3333333333333333, 0.2222222222222222]
ormur	[1.0, 0.0, 0.0]	[1.0, 0.0, 0.0]
orð	[0.0, 0.0, 1.0]	[0.0, 0.0, 1.0]
orðaskil	[1.0, 0.0, 0.0]	[1.0, 0.0, 0.0]
orðið	[1.0, 0.0, 0.0]	[1.0, 0.0, 0.0]
ostur	[0.0, 0.5, 0.5]	[0.0, 0.5, 0.5]
pakka	[0.0, 0.0, 1.0]	[0.0, 0.0, 1.0]
panta	[0.3076923076923077, 0.15384615384615385, 0.5384615384615384]	[0.3076923076923077, 0.15384615384615385, 0.5384615384615384]
pantaður	[0.0, 0.0, 1.0]	[0.0, 0.0, 1.0]
pappír	[0.0, 1.0, 0.0]	[0.0, 1.0, 0.0]
par	[0.0, 0.0, 1.0]	[0.0, 0.0, 1.0]
parís	[1.0, 0.0, 0.0]	[1.0, 0.0, 0.0]
passa	[1.0, 0.0, 0.0]	[1.0, 0.0, 0.0]
peningur	[0.0, 0.0, 1.0]	[0.0, 0.0, 1.0]
persónulegur	[0.0, 0.5, 0.5]	[0.0, 0.5, 0.5]
pirrandi	[0.3333333333333333, 0.0, 0.6666666666666666]	[0.3333333333333333, 0.0, 0.6666666666666666]
pissulykt	[0.0, 1.0, 0.0]	[0.0, 1.0, 0.0]
plast	[0.0, 0.0, 1.0]	[0.0, 0.0, 1.0]
play	[0.5, 0.5, 0.0]	[0.5, 0.5, 0.0]
pláss	[0.0, 0.5, 0.5]	[0.0, 0.5, 0.5]
poki	[0.0, 0.0, 1.0]	[0.0, 0.0, 1.0]
poppa	[0.0, 0.0, 1.0]	[0.0, 0.0, 1.0]
pottþétt	[1.0, 0.0, 0.0]	[1.0, 0.0, 0.0]
premiur	[0.0, 1.0, 0.0]	[0.0, 1.0, 0.0]
prjóna	[0.0, 0.0, 1.0]	[0.0, 0.0, 1.0]
prjónn	[0.0, 0.0, 1.0]	[0.0, 0.0, 1.0]
próf	[0.0, 0.5, 0.5]	[0.0, 0.5, 0.5]
prófa	[0.0, 1.0, 0.0]	[0.0, 1.0, 0.0]
punktur	[0.5, 0.5, 0.0]	[0.5, 0.5, 0.0]
pæla	[0.0, 0.0, 1.0]	[0.0, 0.0, 1.0]
pæling	[1.0, 0.0, 0.0]	[1.0, 0.0, 0.0]
pólland	[1.0, 0.0, 0.0]	[1.0, 0.0, 0.0]
póstur	[0.3333333333333333, 0.3333333333333333, 0.3333333333333333]	[0.3333333333333333, 0.3333333333333333, 0.3333333333333333]
pöntun	[0.0, 0.0, 1.0]	[0.0, 0.0, 1.0]
púsla	[0.0, 0.0, 1.0]	[0.0, 0.0, 1.0]
púði	[1.0, 0.0, 0.0]	[1.0, 0.0, 0.0]
rafrænt	[1.0, 0.0, 0.0]	[1.0, 0.0, 0.0]
rangur	[0.0, 0.0, 1.0]	[0.0, 0.0, 1.0]
raun	[0.5, 0.5, 0.0]	[0.5, 0.5, 0.0]
rauðvín	[0.0, 0.0, 1.0]	[0.0, 0.0, 1.0]
redda	[0.0, 1.0, 0.0]	[0.0, 1.0, 0.0]
regla	[0.5, 0.0, 0.5]	[0.5, 0.0, 0.5]
reglulega	[0.0, 0.0, 1.0]	[0.0, 0.0, 1.0]
reikna	[0.0, 0.0, 1.0]	[0.0, 0.0, 1.0]
reikningur	[0.0, 0.0, 1.0]	[0.0, 0.0, 1.0]
reisa	[0.0, 0.0, 1.0]	[0.0, 0.0, 1.0]
reiður	[0.0, 0.0, 1.0]	[0.0, 0.0, 1.0]
reka	[0.0, 1.0, 0.0]	[0.0, 1.0, 0.0]
rekinn	[0.0, 0.0, 1.0]	[0.0, 0.0, 1.0]
rennerí	[0.0, 1.0, 0.0]	[0.0, 1.0, 0.0]
reykjavik	[0.0, 1.0, 0.0]	[0.0, 1.0, 0.0]
reykjavík	[0.0, 0.25, 0.75]	[0.0, 0.25, 0.75]
reykjavíkurflugvöllur	[0.5, 0.0, 0.5]	[0.5, 0.0, 0.5]
reyna	[0.25, 0.0625, 0.6875]	[0.25, 0.0625, 0.6875]
reyndar	[0.0, 0.3333333333333333, 0.6666666666666666]	[0.0, 0.3333333333333333, 0.6666666666666666]
reynsla	[0.0, 0.0, 1.0]	[0.0, 0.0, 1.0]
reynslumikill	[0.0, 0.0, 1.0]	[0.0, 0.0, 1.0]
rifja	[1.0, 0.0, 0.0]	[1.0, 0.0, 0.0]
risahrós	[0.0, 0.0, 1.0]	[0.0, 0.0, 1.0]
rita	[0.5, 0.0, 0.5]	[0.5, 0.0, 0.5]
ritari	[0.0, 0.0, 1.0]	[0.0, 0.0, 1.0]
rosalega	[0.0, 0.0, 1.0]	[0.0, 0.0, 1.0]
rosalegur	[0.0, 0.0, 1.0]	[0.0, 0.0, 1.0]
rugl	[0.5, 0.0, 0.5]	[0.5, 0.0, 0.5]
ruglaður	[0.0, 0.0, 1.0]	[0.0, 0.0, 1.0]
ruglingslegur	[1.0, 0.0, 0.0]	[1.0, 0.0, 0.0]
rukka	[0.5, 0.0, 0.5]	[0.5, 0.0, 0.5]
rusl	[0.6666666666666666, 0.3333333333333333, 0.0]	[0.6666666666666666, 0.3333333333333333, 0.0]
ráða	[0.0, 0.0, 1.0]	[0.0, 0.0, 1.0]
rækja	[0.0, 0.0, 1.0]	[0.0, 0.0, 1.0]
ræða	[1.0, 0.0, 0.0]	[1.0, 0.0, 0.0]
rétt	[1.0, 0.0, 0.0]	[1.0, 0.0, 0.0]
rétta	[0.0, 0.0, 1.0]	[0.0, 0.0, 1.0]
réttindi	[0.0, 0.0, 1.0]	[0.0, 0.0, 1.0]
réttur	[0.42857142857142855, 0.14285714285714285, 0.42857142857142855]	[0.42857142857142855, 0.14285714285714285, 0.42857142857142855]
rólegur	[0.0, 0.0, 1.0]	[0.0, 0.0, 1.0]
rölta	[0.0, 0.0, 1.0]	[0.0, 0.0, 1.0]
röskun	[0.0, 0.0, 1.0]	[0.0, 0.0, 1.0]
röð	[0.28125, 0.3125, 0.40625]	[0.28125, 0.3125, 0.40625]
rúmlega	[0.5, 0.25, 0.25]	[0.5, 0.25, 0.25]
rúmur	[0.3333333333333333, 0.0, 0.6666666666666666]	[0.3333333333333333, 0.0, 0.6666666666666666]
rúta	[0.42857142857142855, 0.0, 0.5714285714285714]	[0.42857142857142855, 0.0, 0.5714285714285714]
rútubyrðing	[1.0, 0.0, 0.0]	[1.0, 0.0, 0.0]
rútína	[0.0, 0.0, 1.0]	[0.0, 0.0, 1.0]
rými	[0.6, 0.0, 0.4]	[0.6, 0.0, 0.4]
saga	[0.35, 0.15, 0.5]	[0.35, 0.15, 0.5]
sagaklass	[1.0, 0.0, 0.0]	[1.0, 0.0, 0.0]
sagaverð	[0.0, 0.0, 1.0]	[0.0, 0.0, 1.0]
sakna	[1.0, 0.0, 0.0]	[1.0, 0.0, 0.0]
sala	[0.0, 0.0, 1.0]	[0.0, 0.0, 1.0]
salerni	[0.0, 1.0, 0.0]	[0.0, 1.0, 0.0]
salernisaðstaða	[1.0, 0.0, 0.0]	[1.0, 0.0, 0.0]
salt	[0.0, 1.0, 0.0]	[0.0, 1.0, 0.0]
salur	[0.0, 0.0, 1.0]	[0.0, 0.0, 1.0]
saman	[0.09523809523809523, 0.19047619047619047, 0.7142857142857143]	[0.09523809523809523, 0.19047619047619047, 0.7142857142857143]
samanlagt	[1.0, 0.0, 0.0]	[1.0, 0.0, 0.0]
samband	[0.25, 0.125, 0.625]	[0.25, 0.125, 0.625]
samborinn	[0.0, 0.0, 1.0]	[0.0, 0.0, 1.0]
sambærilegur	[0.5, 0.0, 0.5]	[0.5, 0.0, 0.5]
samferðafólk	[0.0, 0.0, 1.0]	[0.0, 0.0, 1.0]
samkennisaðili	[0.0, 0.0, 1.0]	[0.0, 0.0, 1.0]
samloka	[0.5, 0.0, 0.5]	[0.5, 0.0, 0.5]
sammála	[0.0, 0.0, 1.0]	[0.0, 0.0, 1.0]
samræmi	[0.5, 0.5, 0.0]	[0.5, 0.5, 0.0]
samskipti	[0.16666666666666666, 0.16666666666666666, 0.6666666666666666]	[0.16666666666666666, 0.16666666666666666, 0.6666666666666666]
samt	[0.38461538461538464, 0.15384615384615385, 0.46153846153846156]	[0.38461538461538464, 0.15384615384615385, 0.46153846153846156]
samtal	[0.0, 0.0, 1.0]	[0.0, 0.0, 1.0]
samtals	[0.0, 1.0, 0.0]	[0.0, 1.0, 0.0]
samviskustjórnun	[0.0, 0.0, 1.0]	[0.0, 0.0, 1.0]
samþykkja	[1.0, 0.0, 0.0]	[1.0, 0.0, 0.0]
sanda	[0.0, 0.0, 1.0]	[0.0, 0.0, 1.0]
segja	[0.3333333333333333, 0.1111111111111111, 0.5555555555555556]	[0.3333333333333333, 0.1111111111111111, 0.5555555555555556]
seigja	[0.0, 0.0, 1.0]	[0.0, 0.0, 1.0]
seinagangur	[0.0, 0.0, 1.0]	[0.0, 0.0, 1.0]
seinka	[0.0, 0.14285714285714285, 0.8571428571428571]	[0.0, 0.14285714285714285, 0.8571428571428571]
seinkun	[0.6, 0.1, 0.3]	[0.6, 0.1, 0.3]
seinn	[0.0, 0.0, 1.0]	[0.0, 0.0, 1.0]
seint	[0.25, 0.0, 0.75]	[0.25, 0.0, 0.75]
selja	[0.3333333333333333, 0.6666666666666666, 0.0]	[0.3333333333333333, 0.6666666666666666, 0.0]
sellerí	[0.0, 0.0, 1.0]	[0.0, 0.0, 1.0]
sem	[0.0, 0.2, 0.8]	[0.0, 0.2, 0.8]
send	[0.0, 0.0, 1.0]	[0.0, 0.0, 1.0]
senda	[0.375, 0.0, 0.625]	[0.375, 0.0, 0.625]
senduð	[0.0, 0.0, 1.0]	[0.0, 0.0, 1.0]
senn	[1.0, 0.0, 0.0]	[1.0, 0.0, 0.0]
sennilega	[1.0, 0.0, 0.0]	[1.0, 0.0, 0.0]
servisedeskinu	[0.0, 0.0, 1.0]	[0.0, 0.0, 1.0]
sessunautur	[0.0, 1.0, 0.0]	[0.0, 1.0, 0.0]
setja	[0.5555555555555556, 0.05555555555555555, 0.3888888888888889]	[0.5555555555555556, 0.05555555555555555, 0.3888888888888889]
settur	[1.0, 0.0, 0.0]	[1.0, 0.0, 0.0]
setustofa	[1.0, 0.0, 0.0]	[1.0, 0.0, 0.0]
silfur	[0.0, 0.0, 1.0]	[0.0, 0.0, 1.0]
sinn	[0.2857142857142857, 0.42857142857142855, 0.2857142857142857]	[0.2857142857142857, 0.42857142857142855, 0.2857142857142857]
sinna	[1.0, 0.0, 0.0]	[1.0, 0.0, 0.0]
sitja	[0.34782608695652173, 0.2608695652173913, 0.391304347826087]	[0.34782608695652173, 0.2608695652173913, 0.391304347826087]
sitthvor	[1.0, 0.0, 0.0]	[1.0, 0.0, 0.0]
siðastliður	[0.0, 1.0, 0.0]	[0.0, 1.0, 0.0]
sjaldgæfur	[0.0, 0.0, 1.0]	[0.0, 0.0, 1.0]
sjalfafgreiðsla	[0.0, 0.0, 1.0]	[0.0, 0.0, 1.0]
sjoppa	[0.0, 1.0, 0.0]	[0.0, 1.0, 0.0]
sjá	[0.14285714285714285, 0.14285714285714285, 0.7142857142857143]	[0.14285714285714285, 0.14285714285714285, 0.7142857142857143]
sjálfkrafa	[0.0, 1.0, 0.0]	[0.0, 1.0, 0.0]
sjálfsafgreiðsla	[0.0, 0.0, 1.0]	[0.0, 0.0, 1.0]
sjálfsagður	[0.0, 0.0, 1.0]	[0.0, 0.0, 1.0]
sjálfvirkur	[0.0, 0.0, 1.0]	[0.0, 0.0, 1.0]
sjónvarp	[1.0, 0.0, 0.0]	[1.0, 0.0, 0.0]
skanna	[0.0, 0.0, 1.0]	[0.0, 0.0, 1.0]
skanni	[1.0, 0.0, 0.0]	[1.0, 0.0, 0.0]
skelfilega	[1.0, 0.0, 0.0]	[1.0, 0.0, 0.0]
skemma	[0.6666666666666666, 0.0, 0.3333333333333333]	[0.6666666666666666, 0.0, 0.3333333333333333]
skemmdur	[0.5, 0.5, 0.0]	[0.5, 0.5, 0.0]
skil	[1.0, 0.0, 0.0]	[1.0, 0.0, 0.0]
skila	[0.0, 0.3333333333333333, 0.6666666666666666]	[0.0, 0.3333333333333333, 0.6666666666666666]
skilaboð	[0.0, 0.2222222222222222, 0.7777777777777778]	[0.0, 0.2222222222222222, 0.7777777777777778]
skilgreina	[1.0, 0.0, 0.0]	[1.0, 0.0, 0.0]
skilja	[0.2777777777777778, 0.2777777777777778, 0.4444444444444444]	[0.2777777777777778, 0.2777777777777778, 0.4444444444444444]
skimun	[0.0, 0.0, 1.0]	[0.0, 0.0, 1.0]
skinkur	[0.0, 0.0, 1.0]	[0.0, 0.0, 1.0]
skipta	[0.5, 0.08333333333333333, 0.4166666666666667]	[0.5, 0.08333333333333333, 0.4166666666666667]
skipti	[0.25, 0.125, 0.625]	[0.25, 0.125, 0.625]
skipulag	[0.0, 0.3333333333333333, 0.6666666666666666]	[0.0, 0.3333333333333333, 0.6666666666666666]
skjal	[0.0, 0.0, 1.0]	[0.0, 0.0, 1.0]
skjár	[0.2, 0.0, 0.8]	[0.2, 0.0, 0.8]
skortur	[0.0, 0.0, 1.0]	[0.0, 0.0, 1.0]
skoða	[0.25, 0.125, 0.625]	[0.25, 0.125, 0.625]
skoðun	[0.0, 0.0, 1.0]	[0.0, 0.0, 1.0]
skrall	[1.0, 0.0, 0.0]	[1.0, 0.0, 0.0]
skrifa	[0.0, 0.5, 0.5]	[0.0, 0.5, 0.5]
skrifstofa	[1.0, 0.0, 0.0]	[1.0, 0.0, 0.0]
skrá	[0.0, 0.0, 1.0]	[0.0, 0.0, 1.0]
skráning	[0.0, 0.0, 1.0]	[0.0, 0.0, 1.0]
skrítinn	[0.6666666666666666, 0.0, 0.3333333333333333]	[0.6666666666666666, 0.0, 0.3333333333333333]
skrýtinn	[0.0, 1.0, 0.0]	[0.0, 1.0, 0.0]
skulu	[0.6, 0.0, 0.4]	[0.6, 0.0, 0.4]
skutla	[0.0, 0.0, 1.0]	[0.0, 0.0, 1.0]
skyn	[1.0, 0.0, 0.0]	[1.0, 0.0, 0.0]
skyndilegur	[0.0, 0.0, 1.0]	[0.0, 0.0, 1.0]
skítugur	[0.0, 0.0, 1.0]	[0.0, 0.0, 1.0]
skítur	[1.0, 0.0, 0.0]	[1.0, 0.0, 0.0]
skíðaferð	[0.0, 0.5, 0.5]	[0.0, 0.5, 0.5]
skíðasvæði	[1.0, 0.0, 0.0]	[1.0, 0.0, 0.0]
skór	[0.0, 0.0, 1.0]	[0.0, 0.0, 1.0]
skömm	[0.0, 0.0, 1.0]	[0.0, 0.0, 1.0]
ský	[0.0, 0.0, 1.0]	[0.0, 0.0, 1.0]
skýr	[0.0, 0.0, 1.0]	[0.0, 0.0, 1.0]
skýra	[0.5, 0.0, 0.5]	[0.5, 0.0, 0.5]
skýring	[0.0, 1.0, 0.0]	[0.0, 1.0, 0.0]
slakur	[0.5, 0.0, 0.5]	[0.5, 0.0, 0.5]
sleppa	[0.6, 0.0, 0.4]	[0.6, 0.0, 0.4]
slæmur	[0.2857142857142857, 0.14285714285714285, 0.5714285714285714]	[0.2857142857142857, 0.14285714285714285, 0.5714285714285714]
slökkva	[0.0, 0.0, 1.0]	[0.0, 0.0, 1.0]
smetti	[0.0, 0.0, 1.0]	[0.0, 0.0, 1.0]
smit	[0.0, 0.0, 1.0]	[0.0, 0.0, 1.0]
smurostur	[0.0, 0.0, 1.0]	[0.0, 0.0, 1.0]
smá	[0.5, 0.0, 0.5]	[0.5, 0.0, 0.5]
smáatriði	[0.0, 0.0, 1.0]	[0.0, 0.0, 1.0]
smár	[0.0, 0.5, 0.5]	[0.0, 0.5, 0.5]
snemmt	[0.5, 0.06666666666666667, 0.43333333333333335]	[0.5, 0.06666666666666667, 0.43333333333333335]
snerta	[0.0, 0.0, 1.0]	[0.0, 0.0, 1.0]
sniðugur	[1.0, 0.0, 0.0]	[1.0, 0.0, 0.0]
snjóugi	[0.0, 0.0, 1.0]	[0.0, 0.0, 1.0]
snúa	[0.0, 0.0, 1.0]	[0.0, 0.0, 1.0]
sofa	[0.0, 0.0, 1.0]	[0.0, 0.0, 1.0]
sofandi	[1.0, 0.0, 0.0]	[1.0, 0.0, 0.0]
spara	[0.0, 0.0, 1.0]	[0.0, 0.0, 1.0]
spenna	[1.0, 0.0, 0.0]	[1.0, 0.0, 0.0]
spjall	[1.0, 0.0, 0.0]	[1.0, 0.0, 0.0]
splitta	[0.0, 0.0, 1.0]	[0.0, 0.0, 1.0]
spurning	[0.3333333333333333, 0.0, 0.6666666666666666]	[0.3333333333333333, 0.0, 0.6666666666666666]
spurningar	[0.0, 0.0, 1.0]	[0.0, 0.0, 1.0]
spyrja	[0.4, 0.0, 0.6]	[0.4, 0.0, 0.6]
spá	[0.5, 0.0, 0.5]	[0.5, 0.0, 0.5]
spælandi	[1.0, 0.0, 0.0]	[1.0, 0.0, 0.0]
spóla	[0.0, 0.0, 1.0]	[0.0, 0.0, 1.0]
staddur	[0.0, 0.0, 1.0]	[0.0, 0.0, 1.0]
stafa	[1.0, 0.0, 0.0]	[1.0, 0.0, 0.0]
stafur	[0.0, 1.0, 0.0]	[0.0, 1.0, 0.0]
stakur	[0.0, 0.0, 1.0]	[0.0, 0.0, 1.0]
standa	[0.43478260869565216, 0.13043478260869565, 0.43478260869565216]	[0.43478260869565216, 0.13043478260869565, 0.43478260869565216]
standard	[1.0, 0.0, 0.0]	[1.0, 0.0, 0.0]
stanslaust	[0.0, 1.0, 0.0]	[0.0, 1.0, 0.0]
stapp	[0.0, 0.0, 1.0]	[0.0, 0.0, 1.0]
stappa	[0.6666666666666666, 0.3333333333333333, 0.0]	[0.6666666666666666, 0.3333333333333333, 0.0]
starfsfólk	[0.3448275862068966, 0.1724137931034483, 0.4827586206896552]	[0.3448275862068966, 0.1724137931034483, 0.4827586206896552]
starfsmaður	[0.391304347826087, 0.13043478260869565, 0.4782608695652174]	[0.391304347826087, 0.13043478260869565, 0.4782608695652174]
starfólk	[0.0, 0.0, 1.0]	[0.0, 0.0, 1.0]
staða	[0.2, 0.0, 0.8]	[0.2, 0.0, 0.8]
staðgengilsvara	[1.0, 0.0, 0.0]	[1.0, 0.0, 0.0]
staður	[0.23809523809523808, 0.09523809523809523, 0.6666666666666666]	[0.23809523809523808, 0.09523809523809523, 0.6666666666666666]
stefna	[0.0, 0.0, 1.0]	[0.0, 0.0, 1.0]
stelpa	[0.0, 0.0, 1.0]	[0.0, 0.0, 1.0]
stemming	[1.0, 0.0, 0.0]	[1.0, 0.0, 0.0]
sterkt	[1.0, 0.0, 0.0]	[1.0, 0.0, 0.0]
sterkur	[1.0, 0.0, 0.0]	[1.0, 0.0, 0.0]
stew-	[0.0, 0.0, 1.0]	[0.0, 0.0, 1.0]
stigabíll	[0.0, 0.0, 1.0]	[0.0, 0.0, 1.0]
stigi	[1.0, 0.0, 0.0]	[1.0, 0.0, 0.0]
stilla	[1.0, 0.0, 0.0]	[1.0, 0.0, 0.0]
stjarna	[0.0, 0.0, 1.0]	[0.0, 0.0, 1.0]
stjórna	[0.0, 0.0, 1.0]	[0.0, 0.0, 1.0]
stjórnun	[1.0, 0.0, 0.0]	[1.0, 0.0, 0.0]
stofa	[0.5, 0.0, 0.5]	[0.5, 0.0, 0.5]
stokkhólmur	[0.0, 0.0, 1.0]	[0.0, 0.0, 1.0]
stoltur	[1.0, 0.0, 0.0]	[1.0, 0.0, 0.0]
stopp	[0.0, 0.6666666666666666, 0.3333333333333333]	[0.0, 0.6666666666666666, 0.3333333333333333]
stoppa	[0.0, 0.3333333333333333, 0.6666666666666666]	[0.0, 0.3333333333333333, 0.6666666666666666]
strax	[0.25, 0.0, 0.75]	[0.25, 0.0, 0.75]
streita	[1.0, 0.0, 0.0]	[1.0, 0.0, 0.0]
stress	[1.0, 0.0, 0.0]	[1.0, 0.0, 0.0]
strætisvagn	[0.0, 1.0, 0.0]	[0.0, 1.0, 0.0]
strætó	[0.0, 0.0, 1.0]	[0.0, 0.0, 1.0]
stund	[0.0, 0.0, 1.0]	[0.0, 0.0, 1.0]
stundum	[0.0, 0.3333333333333333, 0.6666666666666666]	[0.0, 0.3333333333333333, 0.6666666666666666]
stundvísi	[0.0, 0.0, 1.0]	[0.0, 0.0, 1.0]
stuttur	[0.75, 0.0, 0.25]	[0.75, 0.0, 0.25]
stuð	[1.0, 0.0, 0.0]	[1.0, 0.0, 0.0]
stytta	[0.0, 0.25, 0.75]	[0.0, 0.25, 0.75]
stytting	[0.0, 0.0, 1.0]	[0.0, 0.0, 1.0]
styðja	[1.0, 0.0, 0.0]	[1.0, 0.0, 0.0]
stæði	[0.0, 1.0, 0.0]	[0.0, 1.0, 0.0]
stífla	[0.0, 1.0, 0.0]	[0.0, 1.0, 0.0]
stífur	[0.0, 1.0, 0.0]	[0.0, 1.0, 0.0]
stíll	[0.0, 0.0, 1.0]	[0.0, 0.0, 1.0]
stór	[0.8, 0.0, 0.2]	[0.8, 0.0, 0.2]
stórfjölskylda	[0.0, 1.0, 0.0]	[0.0, 1.0, 0.0]
stöð	[0.0, 0.0, 1.0]	[0.0, 0.0, 1.0]
stýra	[0.0, 0.0, 1.0]	[0.0, 0.0, 1.0]
sunnudagur	[0.0, 0.0, 1.0]	[0.0, 0.0, 1.0]
super	[0.0, 0.0, 1.0]	[0.0, 0.0, 1.0]
svangur	[0.0, 0.0, 1.0]	[0.0, 0.0, 1.0]
svar	[0.2, 0.8, 0.0]	[0.2, 0.8, 0.0]
svara	[0.25, 0.5, 0.25]	[0.25, 0.5, 0.25]
svefnur	[0.0, 0.0, 1.0]	[0.0, 0.0, 1.0]
sveigjanleiki	[1.0, 0.0, 0.0]	[1.0, 0.0, 0.0]
svekktur	[0.0, 0.0, 1.0]	[0.0, 0.0, 1.0]
svo	[0.22580645161290322, 0.25806451612903225, 0.5161290322580645]	[0.22580645161290322, 0.25806451612903225, 0.5161290322580645]
svolítið	[0.5, 0.0, 0.5]	[0.5, 0.0, 0.5]
svona	[0.125, 0.0625, 0.8125]	[0.125, 0.0625, 0.8125]
svæði	[0.0, 0.0, 1.0]	[0.0, 0.0, 1.0]
svíþjóð	[0.5, 0.0, 0.5]	[0.5, 0.0, 0.5]
sár	[0.0, 0.0, 1.0]	[0.0, 0.0, 1.0]
sára	[0.0, 0.0, 1.0]	[0.0, 0.0, 1.0]
sárlega	[0.0, 1.0, 0.0]	[0.0, 1.0, 0.0]
sárna	[1.0, 0.0, 0.0]	[1.0, 0.0, 0.0]
sáttur	[0.2, 0.0, 0.8]	[0.2, 0.0, 0.8]
sækja	[0.0, 0.6666666666666666, 0.3333333333333333]	[0.0, 0.6666666666666666, 0.3333333333333333]
sæmilegur	[0.0, 0.0, 1.0]	[0.0, 0.0, 1.0]
sætaframboð	[1.0, 0.0, 0.0]	[1.0, 0.0, 0.0]
sætaröð	[0.3333333333333333, 0.1111111111111111, 0.5555555555555556]	[0.3333333333333333, 0.1111111111111111, 0.5555555555555556]
sætaskipan	[1.0, 0.0, 0.0]	[1.0, 0.0, 0.0]
sætaval	[0.0, 0.0, 1.0]	[0.0, 0.0, 1.0]
sætaúthlutun	[0.0, 0.0, 1.0]	[0.0, 0.0, 1.0]
sæti	[0.35353535353535354, 0.1919191919191919, 0.45454545454545453]	[0.35353535353535354, 0.1919191919191919, 0.45454545454545453]
sætisbotn	[0.0, 0.0, 1.0]	[0.0, 0.0, 1.0]
sætta	[0.5, 0.0, 0.5]	[0.5, 0.0, 0.5]
sèrstaklega	[0.0, 0.0, 1.0]	[0.0, 0.0, 1.0]
sér	[0.0, 0.0, 1.0]	[0.0, 0.0, 1.0]
sérlegur	[0.0, 0.0, 1.0]	[0.0, 0.0, 1.0]
sérstaklega	[0.23529411764705882, 0.17647058823529413, 0.5882352941176471]	[0.23529411764705882, 0.17647058823529413, 0.5882352941176471]
sérstakur	[0.3333333333333333, 0.0, 0.6666666666666666]	[0.3333333333333333, 0.0, 0.6666666666666666]
síga	[0.0, 0.0, 1.0]	[0.0, 0.0, 1.0]
símaver	[0.0, 1.0, 0.0]	[0.0, 1.0, 0.0]
símaþjónusta	[1.0, 0.0, 0.0]	[1.0, 0.0, 0.0]
sími	[0.4, 0.0, 0.6]	[0.4, 0.0, 0.6]
símsvari	[0.0, 1.0, 0.0]	[0.0, 1.0, 0.0]
símsvörun	[1.0, 0.0, 0.0]	[1.0, 0.0, 0.0]
síða	[0.0, 0.0, 1.0]	[0.0, 0.0, 1.0]
síðan	[0.35714285714285715, 0.0, 0.6428571428571429]	[0.35714285714285715, 0.0, 0.6428571428571429]
síðar	[0.0, 0.3333333333333333, 0.6666666666666666]	[0.0, 0.3333333333333333, 0.6666666666666666]
síðari	[0.125, 0.25, 0.625]	[0.125, 0.25, 0.625]
síður	[0.5, 0.5, 0.0]	[0.5, 0.5, 0.0]
síðust	[1.0, 0.0, 0.0]	[1.0, 0.0, 0.0]
sólahringur	[0.0, 0.0, 1.0]	[0.0, 0.0, 1.0]
sólarhringur	[0.0, 1.0, 0.0]	[0.0, 1.0, 0.0]
sóttvarnaraðgerð	[1.0, 0.0, 0.0]	[1.0, 0.0, 0.0]
sóttvarnarregla	[0.0, 0.0, 1.0]	[0.0, 0.0, 1.0]
sóttvörn	[0.0, 0.0, 1.0]	[0.0, 0.0, 1.0]
sök	[0.3333333333333333, 0.6666666666666666, 0.0]	[0.3333333333333333, 0.6666666666666666, 0.0]
sölumaður	[1.0, 0.0, 0.0]	[1.0, 0.0, 0.0]
sönnun	[0.0, 0.0, 1.0]	[0.0, 0.0, 1.0]
súpa	[0.0, 0.0, 1.0]	[0.0, 0.0, 1.0]
súr	[0.0, 0.0, 1.0]	[0.0, 0.0, 1.0]
sýna	[0.25, 0.25, 0.5]	[0.25, 0.25, 0.5]
tag	[0.0, 0.0, 1.0]	[0.0, 0.0, 1.0]
taka	[0.3076923076923077, 0.15384615384615385, 0.5384615384615384]	[0.3076923076923077, 0.15384615384615385, 0.5384615384615384]
takki	[0.0, 0.0, 1.0]	[0.0, 0.0, 1.0]
takmarkaður	[0.0, 0.0, 1.0]	[0.0, 0.0, 1.0]
tal	[0.0, 0.0, 1.0]	[0.0, 0.0, 1.0]
tala	[0.4444444444444444, 0.4444444444444444, 0.1111111111111111]	[0.4444444444444444, 0.4444444444444444, 0.1111111111111111]
talsverður	[0.0, 0.0, 1.0]	[0.0, 0.0, 1.0]
taska	[0.3333333333333333, 0.2962962962962963, 0.37037037037037035]	[0.3333333333333333, 0.2962962962962963, 0.37037037037037035]
te	[0.0, 0.0, 1.0]	[0.0, 0.0, 1.0]
tefja	[1.0, 0.0, 0.0]	[1.0, 0.0, 0.0]
tefla	[1.0, 0.0, 0.0]	[1.0, 0.0, 0.0]
telja	[0.25, 0.25, 0.5]	[0.25, 0.25, 0.5]
tengiflug	[0.0, 0.3333333333333333, 0.6666666666666666]	[0.0, 0.3333333333333333, 0.6666666666666666]
tengiflugmiði	[0.5, 0.0, 0.5]	[0.5, 0.0, 0.5]
tenging	[0.3333333333333333, 0.0, 0.6666666666666666]	[0.3333333333333333, 0.0, 0.6666666666666666]
tengja	[0.4, 0.2, 0.4]	[0.4, 0.2, 0.4]
teppa	[0.0, 0.0, 1.0]	[0.0, 0.0, 1.0]
teppi	[1.0, 0.0, 0.0]	[1.0, 0.0, 0.0]
tikka	[1.0, 0.0, 0.0]	[1.0, 0.0, 0.0]
tikynning	[0.0, 0.0, 1.0]	[0.0, 0.0, 1.0]
til	[0.25384615384615383, 0.19230769230769232, 0.5538461538461539]	[0.25384615384615383, 0.19230769230769232, 0.5538461538461539]
tilbúinn	[0.25, 0.25, 0.5]	[0.25, 0.25, 0.5]
tilfelli	[1.0, 0.0, 0.0]	[1.0, 0.0, 0.0]
tilfinning	[0.0, 0.0, 1.0]	[0.0, 0.0, 1.0]
tilfærsla	[0.0, 1.0, 0.0]	[0.0, 1.0, 0.0]
tilgreindur	[1.0, 0.0, 0.0]	[1.0, 0.0, 0.0]
tilheyrandi	[0.5, 0.5, 0.0]	[0.5, 0.5, 0.0]
tilkynna	[1.0, 0.0, 0.0]	[1.0, 0.0, 0.0]
tilkynning	[0.36363636363636365, 0.0, 0.6363636363636364]	[0.36363636363636365, 0.0, 0.6363636363636364]
tilraun	[1.0, 0.0, 0.0]	[1.0, 0.0, 0.0]
tjá	[0.3333333333333333, 0.0, 0.6666666666666666]	[0.3333333333333333, 0.0, 0.6666666666666666]
topp	[0.3333333333333333, 0.0, 0.6666666666666666]	[0.3333333333333333, 0.0, 0.6666666666666666]
toppa	[0.0, 0.0, 1.0]	[0.0, 0.0, 1.0]
transit	[1.0, 0.0, 0.0]	[1.0, 0.0, 0.0]
trappa	[0.0, 0.0, 1.0]	[0.0, 0.0, 1.0]
traust	[1.0, 0.0, 0.0]	[1.0, 0.0, 0.0]
traustur	[0.5, 0.0, 0.5]	[0.5, 0.0, 0.5]
treyja	[0.6666666666666666, 0.3333333333333333, 0.0]	[0.6666666666666666, 0.3333333333333333, 0.0]
treysta	[0.5, 0.0, 0.5]	[0.5, 0.0, 0.5]
troða	[0.0, 0.5, 0.5]	[0.0, 0.5, 0.5]
troðfullur	[0.0, 0.0, 1.0]	[0.0, 0.0, 1.0]
tryggja	[1.0, 0.0, 0.0]	[1.0, 0.0, 0.0]
tryggð	[1.0, 0.0, 0.0]	[1.0, 0.0, 0.0]
tunga	[1.0, 0.0, 0.0]	[1.0, 0.0, 0.0]
tungumál	[0.0, 0.0, 1.0]	[0.0, 0.0, 1.0]
tvennur	[0.0, 0.0, 1.0]	[0.0, 0.0, 1.0]
tyrfinn	[1.0, 0.0, 0.0]	[1.0, 0.0, 0.0]
tæki	[0.0, 0.0, 1.0]	[0.0, 0.0, 1.0]
tækifæri	[0.0, 0.0, 1.0]	[0.0, 0.0, 1.0]
tækur	[0.0, 0.0, 1.0]	[0.0, 0.0, 1.0]
tæma	[0.0, 0.0, 1.0]	[0.0, 0.0, 1.0]
tæplega	[0.0, 0.0, 1.0]	[0.0, 0.0, 1.0]
tæpt	[0.0, 1.0, 0.0]	[0.0, 1.0, 0.0]
tæpur	[0.5, 0.5, 0.0]	[0.5, 0.5, 0.0]
tékka	[0.25, 0.25, 0.5]	[0.25, 0.25, 0.5]
tímanlega	[0.0, 0.0, 1.0]	[0.0, 0.0, 1.0]
tímasóun	[0.0, 1.0, 0.0]	[0.0, 1.0, 0.0]
tími	[0.32075471698113206, 0.16981132075471697, 0.5094339622641509]	[0.32075471698113206, 0.16981132075471697, 0.5094339622641509]
tíð	[0.0, 0.0, 1.0]	[0.0, 0.0, 1.0]
tíður	[1.0, 0.0, 0.0]	[1.0, 0.0, 0.0]
tómur	[1.0, 0.0, 0.0]	[1.0, 0.0, 0.0]
tónlist	[0.0, 0.0, 1.0]	[0.0, 0.0, 1.0]
töf	[0.0, 0.5, 0.5]	[0.0, 0.5, 0.5]
töluvert	[0.0, 0.0, 1.0]	[0.0, 0.0, 1.0]
töluverður	[0.0, 0.0, 1.0]	[0.0, 0.0, 1.0]
tölvupóstur	[0.2, 0.2, 0.6]	[0.2, 0.2, 0.6]
týna	[0.0, 0.0, 1.0]	[0.0, 0.0, 1.0]
týndur	[1.0, 0.0, 0.0]	[1.0, 0.0, 0.0]
um	[0.3111111111111111, 0.08148148148148149, 0.6074074074074074]	[0.3111111111111111, 0.08148148148148149, 0.6074074074074074]
umferð	[0.0, 0.0, 1.0]	[0.0, 0.0, 1.0]
umgangast	[0.0, 0.0, 1.0]	[0.0, 0.0, 1.0]
umhyggja	[0.0, 0.0, 1.0]	[0.0, 0.0, 1.0]
umla	[1.0, 0.0, 0.0]	[1.0, 0.0, 0.0]
umsögn	[0.0, 0.0, 1.0]	[0.0, 0.0, 1.0]
undan	[0.8, 0.0, 0.2]	[0.8, 0.0, 0.2]
undanfarandi	[0.0, 1.0, 0.0]	[0.0, 1.0, 0.0]
undanfarið	[1.0, 0.0, 0.0]	[1.0, 0.0, 0.0]
undanskilinn	[0.0, 0.0, 1.0]	[0.0, 0.0, 1.0]
undarlegur	[0.0, 0.0, 1.0]	[0.0, 0.0, 1.0]
undir	[0.5, 0.0, 0.5]	[0.5, 0.0, 0.5]
ungbarn	[0.3333333333333333, 0.0, 0.6666666666666666]	[0.3333333333333333, 0.0, 0.6666666666666666]
unglingur	[1.0, 0.0, 0.0]	[1.0, 0.0, 0.0]
ungur	[0.2, 0.6, 0.2]	[0.2, 0.6, 0.2]
upgrade-	[0.0, 0.0, 1.0]	[0.0, 0.0, 1.0]
upp	[0.325, 0.1, 0.575]	[0.325, 0.1, 0.575]
uppfylla	[0.0, 0.0, 1.0]	[0.0, 0.0, 1.0]
uppfæra	[0.0, 0.25, 0.75]	[0.0, 0.25, 0.75]
uppfærsla	[0.2857142857142857, 0.0, 0.7142857142857143]	[0.2857142857142857, 0.0, 0.7142857142857143]
uppfærður	[1.0, 0.0, 0.0]	[1.0, 0.0, 0.0]
upphaf	[1.0, 0.0, 0.0]	[1.0, 0.0, 0.0]
upphaflega	[0.5, 0.0, 0.5]	[0.5, 0.0, 0.5]
upphaflegur	[0.5, 0.0, 0.5]	[0.5, 0.0, 0.5]
uppi	[0.5, 0.0, 0.5]	[0.5, 0.0, 0.5]
upplifa	[0.0, 0.3333333333333333, 0.6666666666666666]	[0.0, 0.3333333333333333, 0.6666666666666666]
upplifun	[0.4, 0.08, 0.52]	[0.4, 0.08, 0.52]
upplysingjagjöf	[0.0, 0.0, 1.0]	[0.0, 0.0, 1.0]
upplýsa	[0.25, 0.0, 0.75]	[0.25, 0.0, 0.75]
upplýsing	[0.3235294117647059, 0.14705882352941177, 0.5294117647058824]	[0.3235294117647059, 0.14705882352941177, 0.5294117647058824]
upplýsingaflæði	[1.0, 0.0, 0.0]	[1.0, 0.0, 0.0]
upplýsingagjöf	[0.3333333333333333, 0.0, 0.6666666666666666]	[0.3333333333333333, 0.0, 0.6666666666666666]
upplýstur	[0.0, 0.5, 0.5]	[0.0, 0.5, 0.5]
uppáhald	[0.0, 0.0, 1.0]	[0.0, 0.0, 1.0]
v	[0.0, 0.0, 1.0]	[0.0, 0.0, 1.0]
vakna	[0.0, 0.0, 1.0]	[0.0, 0.0, 1.0]
val	[0.0, 0.0, 1.0]	[0.0, 0.0, 1.0]
valda	[0.0, 0.0, 1.0]	[0.0, 0.0, 1.0]
vandamál	[0.25, 0.0, 0.75]	[0.25, 0.0, 0.75]
vandi	[0.0, 0.0, 1.0]	[0.0, 0.0, 1.0]
vandræðagangur	[0.0, 0.0, 1.0]	[0.0, 0.0, 1.0]
vandræðalaus	[0.0, 0.0, 1.0]	[0.0, 0.0, 1.0]
vandræði	[0.5, 0.0, 0.5]	[0.5, 0.0, 0.5]
vanta	[0.36363636363636365, 0.09090909090909091, 0.5454545454545454]	[0.36363636363636365, 0.09090909090909091, 0.5454545454545454]
vanur	[0.0, 0.0, 1.0]	[0.0, 0.0, 1.0]
vara	[0.0, 1.0, 0.0]	[0.0, 1.0, 0.0]
varahlutur	[1.0, 0.0, 0.0]	[1.0, 0.0, 0.0]
varla	[0.5, 0.0, 0.5]	[0.5, 0.0, 0.5]
varpa	[0.0, 0.0, 1.0]	[0.0, 0.0, 1.0]
varða	[0.3333333333333333, 0.2222222222222222, 0.4444444444444444]	[0.3333333333333333, 0.2222222222222222, 0.4444444444444444]
vasi	[0.0, 0.0, 1.0]	[0.0, 0.0, 1.0]
vatn	[1.0, 0.0, 0.0]	[1.0, 0.0, 0.0]
vað	[1.0, 0.0, 0.0]	[1.0, 0.0, 0.0]
vefur	[0.3333333333333333, 0.3333333333333333, 0.3333333333333333]	[0.3333333333333333, 0.3333333333333333, 0.3333333333333333]
vegabréf	[0.0, 0.0, 1.0]	[0.0, 0.0, 1.0]
vegagerð	[0.0, 0.0, 1.0]	[0.0, 0.0, 1.0]
veggur	[0.0, 1.0, 0.0]	[0.0, 1.0, 0.0]
vegi	[1.0, 0.0, 0.0]	[1.0, 0.0, 0.0]
vegna	[0.34615384615384615, 0.15384615384615385, 0.5]	[0.34615384615384615, 0.15384615384615385, 0.5]
vegur	[0.4, 0.0, 0.6]	[0.4, 0.0, 0.6]
veifa	[0.0, 0.0, 1.0]	[0.0, 0.0, 1.0]
veikindi	[0.0, 0.0, 1.0]	[0.0, 0.0, 1.0]
veikja	[0.0, 0.0, 1.0]	[0.0, 0.0, 1.0]
veita	[0.3333333333333333, 0.0, 0.6666666666666666]	[0.3333333333333333, 0.0, 0.6666666666666666]
veiting	[1.0, 0.0, 0.0]	[1.0, 0.0, 0.0]
vekja	[1.0, 0.0, 0.0]	[1.0, 0.0, 0.0]
vel	[0.3448275862068966, 0.13793103448275862, 0.5172413793103449]	[0.3448275862068966, 0.13793103448275862, 0.5172413793103449]
velja	[0.25, 0.125, 0.625]	[0.25, 0.125, 0.625]
velkominn	[1.0, 0.0, 0.0]	[1.0, 0.0, 0.0]
venjulegur	[0.0, 0.0, 1.0]	[0.0, 0.0, 1.0]
vera	[0.28856382978723405, 0.14893617021276595, 0.5625]	[0.28856382978723405, 0.14893617021276595, 0.5625]
verk	[0.0, 0.0, 1.0]	[0.0, 0.0, 1.0]
verksmiðjufæða	[0.0, 0.0, 1.0]	[0.0, 0.0, 1.0]
verslun	[1.0, 0.0, 0.0]	[1.0, 0.0, 0.0]
verulega	[0.4, 0.0, 0.6]	[0.4, 0.0, 0.6]
verulegur	[0.0, 1.0, 0.0]	[0.0, 1.0, 0.0]
verð	[0.42857142857142855, 0.0, 0.5714285714285714]	[0.42857142857142855, 0.0, 0.5714285714285714]
verða	[0.3157894736842105, 0.15789473684210525, 0.5263157894736842]	[0.3157894736842105, 0.15789473684210525, 0.5263157894736842]
verðlag	[0.0, 0.0, 1.0]	[0.0, 0.0, 1.0]
verðlagning	[0.0, 0.0, 1.0]	[0.0, 0.0, 1.0]
verðmunur	[0.0, 0.0, 1.0]	[0.0, 0.0, 1.0]
verður	[0.0, 0.0, 1.0]	[0.0, 0.0, 1.0]
vesen	[1.0, 0.0, 0.0]	[1.0, 0.0, 0.0]
veski	[0.5, 0.5, 0.0]	[0.5, 0.5, 0.0]
veður	[0.6, 0.2, 0.2]	[0.6, 0.2, 0.2]
veðurskilyrði	[0.0, 0.0, 1.0]	[0.0, 0.0, 1.0]
veðurspár	[1.0, 0.0, 0.0]	[1.0, 0.0, 0.0]
vika	[0.25, 0.25, 0.5]	[0.25, 0.25, 0.5]
vila	[0.0, 0.0, 1.0]	[0.0, 0.0, 1.0]
vilja	[0.29411764705882354, 0.11764705882352941, 0.5882352941176471]	[0.29411764705882354, 0.11764705882352941, 0.5882352941176471]
villa	[0.0, 0.5, 0.5]	[0.0, 0.5, 0.5]
vinahjón	[1.0, 0.0, 0.0]	[1.0, 0.0, 0.0]
vinalegur	[0.0, 0.0, 1.0]	[0.0, 0.0, 1.0]
vingjarnlegur	[0.0, 1.0, 0.0]	[0.0, 1.0, 0.0]
vinkona	[0.0, 0.0, 1.0]	[0.0, 0.0, 1.0]
vinna	[0.4, 0.0, 0.6]	[0.4, 0.0, 0.6]
vinnubrögð	[1.0, 0.0, 0.0]	[1.0, 0.0, 0.0]
vinnudagur	[0.0, 1.0, 0.0]	[0.0, 1.0, 0.0]
vinnuferð	[0.0, 0.0, 1.0]	[0.0, 0.0, 1.0]
vinnuregla	[1.0, 0.0, 0.0]	[1.0, 0.0, 0.0]
vinnustaður	[1.0, 0.0, 0.0]	[1.0, 0.0, 0.0]
vinnutími	[1.0, 0.0, 0.0]	[1.0, 0.0, 0.0]
vinsamlega	[0.0, 0.0, 1.0]	[0.0, 0.0, 1.0]
vinstri	[0.5, 0.0, 0.5]	[0.5, 0.0, 0.5]
virka	[0.5714285714285714, 0.2857142857142857, 0.14285714285714285]	[0.5714285714285714, 0.2857142857142857, 0.14285714285714285]
virkilega	[0.0, 0.3333333333333333, 0.6666666666666666]	[0.0, 0.3333333333333333, 0.6666666666666666]
virkur	[0.0, 0.0, 1.0]	[0.0, 0.0, 1.0]
virða	[0.375, 0.0, 0.625]	[0.375, 0.0, 0.625]
virði	[0.0, 0.0, 1.0]	[0.0, 0.0, 1.0]
virðing	[0.0, 0.0, 1.0]	[0.0, 0.0, 1.0]
vita	[0.3333333333333333, 0.19047619047619047, 0.47619047619047616]	[0.3333333333333333, 0.19047619047619047, 0.47619047619047616]
vitni	[0.0, 1.0, 0.0]	[0.0, 1.0, 0.0]
við	[0.3620689655172414, 0.14655172413793102, 0.49137931034482757]	[0.3620689655172414, 0.14655172413793102, 0.49137931034482757]
við-	[0.0, 1.0, 0.0]	[0.0, 1.0, 0.0]
viða	[0.0, 1.0, 0.0]	[0.0, 1.0, 0.0]
viðbragð	[0.3333333333333333, 0.3333333333333333, 0.3333333333333333]	[0.3333333333333333, 0.3333333333333333, 0.3333333333333333]
viðbót	[0.5, 0.0, 0.5]	[0.5, 0.0, 0.5]
viðeigandi	[0.0, 1.0, 0.0]	[0.0, 1.0, 0.0]
viðhalda	[1.0, 0.0, 0.0]	[1.0, 0.0, 0.0]
viðhorf	[0.5, 0.0, 0.5]	[0.5, 0.0, 0.5]
viðkomandi	[0.0, 1.0, 0.0]	[0.0, 1.0, 0.0]
viðmót	[0.42857142857142855, 0.0, 0.5714285714285714]	[0.42857142857142855, 0.0, 0.5714285714285714]
viðsjárverður	[1.0, 0.0, 0.0]	[1.0, 0.0, 0.0]
viðskila	[0.0, 0.0, 1.0]	[0.0, 0.0, 1.0]
viðskiptaferð	[0.0, 0.0, 1.0]	[0.0, 0.0, 1.0]
viðskiptaháttur	[1.0, 0.0, 0.0]	[1.0, 0.0, 0.0]
viðskiptavinur	[0.0, 0.0, 1.0]	[0.0, 0.0, 1.0]
viðskipti	[0.5, 0.0, 0.5]	[0.5, 0.0, 0.5]
viðvarandi	[0.0, 0.0, 1.0]	[0.0, 0.0, 1.0]
von	[0.0, 0.0, 1.0]	[0.0, 0.0, 1.0]
vona	[0.0, 0.6666666666666666, 0.3333333333333333]	[0.0, 0.6666666666666666, 0.3333333333333333]
vonandi	[0.0, 0.0, 1.0]	[0.0, 0.0, 1.0]
vonbrigði	[1.0, 0.0, 0.0]	[1.0, 0.0, 0.0]
vondur	[0.25, 0.25, 0.5]	[0.25, 0.25, 0.5]
vottorð	[0.5, 0.0, 0.5]	[0.5, 0.0, 0.5]
vægur	[0.0, 0.0, 1.0]	[0.0, 0.0, 1.0]
vænting	[0.0, 0.0, 1.0]	[0.0, 0.0, 1.0]
vél	[0.2786885245901639, 0.21311475409836064, 0.5081967213114754]	[0.2786885245901639, 0.21311475409836064, 0.5081967213114754]
vélabilun	[0.0, 0.0, 1.0]	[0.0, 0.0, 1.0]
vélaskipti	[0.0, 0.0, 1.0]	[0.0, 0.0, 1.0]
vís	[0.0, 0.0, 1.0]	[0.0, 0.0, 1.0]
vísa	[0.5714285714285714, 0.14285714285714285, 0.2857142857142857]	[0.5714285714285714, 0.14285714285714285, 0.2857142857142857]
víst	[0.0, 0.0, 1.0]	[0.0, 0.0, 1.0]
víð	[0.0, 0.0, 1.0]	[0.0, 0.0, 1.0]
völlur	[0.3333333333333333, 0.0, 0.6666666666666666]	[0.3333333333333333, 0.0, 0.6666666666666666]
vör	[0.0, 0.0, 1.0]	[0.0, 0.0, 1.0]
vörumerki	[1.0, 0.0, 0.0]	[1.0, 0.0, 0.0]
vöðvabólga	[1.0, 0.0, 0.0]	[1.0, 0.0, 0.0]
wif	[0.75, 0.0, 0.25]	[0.75, 0.0, 0.25]
wifi	[0.3333333333333333, 0.3333333333333333, 0.3333333333333333]	[0.3333333333333333, 0.3333333333333333, 0.3333333333333333]
yfir	[0.16666666666666666, 0.1111111111111111, 0.7222222222222222]	[0.16666666666666666, 0.1111111111111111, 0.7222222222222222]
yfirdlugþjonn	[0.0, 0.0, 1.0]	[0.0, 0.0, 1.0]
yfirflugfreyja	[0.0, 0.0, 1.0]	[0.0, 0.0, 1.0]
yfirflugþjónn	[0.0, 0.0, 1.0]	[0.0, 0.0, 1.0]
yfirfreyja	[1.0, 0.0, 0.0]	[1.0, 0.0, 0.0]
yfirgefa	[0.0, 0.5, 0.5]	[0.0, 0.5, 0.5]
yndislegur	[0.0, 0.0, 1.0]	[0.0, 0.0, 1.0]
Álfhildur	[0.0, 1.0, 0.0]	[0.0, 1.0, 0.0]
Ísland	[0.75, 0.0, 0.25]	[0.75, 0.0, 0.25]
Íslendingur	[0.0, 0.0, 1.0]	[0.0, 0.0, 1.0]
Ólafur	[0.0, 0.0, 1.0]	[0.0, 0.0, 1.0]
Þór	[1.0, 0.0, 0.0]	[1.0, 0.0, 0.0]
Þórdís	[0.0, 1.0, 0.0]	[0.0, 1.0, 0.0]
à	[0.0, 1.0, 0.0]	[0.0, 1.0, 0.0]
á	[0.34870317002881845, 0.10662824207492795, 0.5446685878962536]	[0.34870317002881845, 0.10662824207492795, 0.5446685878962536]
áberandi	[0.0, 0.5, 0.5]	[0.0, 0.5, 0.5]
ábyrgð	[0.0, 0.0, 1.0]	[0.0, 0.0, 1.0]
ábótavant	[0.5, 0.5, 0.0]	[0.5, 0.5, 0.0]
áfangastaður	[0.0, 0.0, 1.0]	[0.0, 0.0, 1.0]
áfram	[0.5, 0.5, 0.0]	[0.5, 0.5, 0.0]
ágæti	[0.0, 0.0, 1.0]	[0.0, 0.0, 1.0]
ágætur	[0.0, 0.0, 1.0]	[0.0, 0.0, 1.0]
áhrif	[0.0, 0.0, 1.0]	[0.0, 0.0, 1.0]
áhugaverður	[0.0, 0.0, 1.0]	[0.0, 0.0, 1.0]
áhætta	[0.0, 0.0, 1.0]	[0.0, 0.0, 1.0]
áhöfn	[0.2222222222222222, 0.2222222222222222, 0.5555555555555556]	[0.2222222222222222, 0.2222222222222222, 0.5555555555555556]
ákveða	[0.0, 0.0, 1.0]	[0.0, 0.0, 1.0]
ákveðinn	[0.5, 0.0, 0.5]	[0.5, 0.0, 0.5]
álag	[0.0, 0.0, 1.0]	[0.0, 0.0, 1.0]
áleiðis	[0.0, 1.0, 0.0]	[0.0, 1.0, 0.0]
álit	[0.0, 0.0, 1.0]	[0.0, 0.0, 1.0]
án	[0.7, 0.1, 0.2]	[0.7, 0.1, 0.2]
ánægja	[0.0, 0.0, 1.0]	[0.0, 0.0, 1.0]
ánægjulegur	[0.25, 0.25, 0.5]	[0.25, 0.25, 0.5]
ánægður	[0.2857142857142857, 0.07142857142857142, 0.6428571428571429]	[0.2857142857142857, 0.07142857142857142, 0.6428571428571429]
ár	[0.3333333333333333, 0.05555555555555555, 0.6111111111111112]	[0.3333333333333333, 0.05555555555555555, 0.6111111111111112]
áramót	[1.0, 0.0, 0.0]	[1.0, 0.0, 0.0]
áratugur	[0.0, 0.0, 1.0]	[0.0, 0.0, 1.0]
áreiðanlegur	[1.0, 0.0, 0.0]	[1.0, 0.0, 0.0]
ásamt	[0.5, 0.25, 0.25]	[0.5, 0.25, 0.25]
ástand	[0.0, 0.0, 1.0]	[0.0, 0.0, 1.0]
ástæða	[0.1, 0.1, 0.8]	[0.1, 0.1, 0.8]
ásættanlegur	[0.0, 0.0, 1.0]	[0.0, 0.0, 1.0]
áta	[0.5, 0.5, 0.0]	[0.5, 0.5, 0.0]
átt	[0.0, 0.0, 1.0]	[0.0, 0.0, 1.0]
átta	[0.5, 0.0, 0.5]	[0.5, 0.0, 0.5]
ávallt	[0.5, 0.0, 0.5]	[0.5, 0.0, 0.5]
ávarp	[1.0, 0.0, 0.0]	[1.0, 0.0, 0.0]
ávarpa	[1.0, 0.0, 0.0]	[1.0, 0.0, 0.0]
ávörp	[0.0, 0.0, 1.0]	[0.0, 0.0, 1.0]
ávöxtur	[1.0, 0.0, 0.0]	[1.0, 0.0, 0.0]
áætlaður	[0.0, 0.0, 1.0]	[0.0, 0.0, 1.0]
áætlun	[0.0, 0.0, 1.0]	[0.0, 0.0, 1.0]
áður	[0.4166666666666667, 0.20833333333333334, 0.375]	[0.4166666666666667, 0.20833333333333334, 0.375]
ætla	[0.2, 0.0, 0.8]	[0.2, 0.0, 0.8]
ættingi	[1.0, 0.0, 0.0]	[1.0, 0.0, 0.0]
ævi	[1.0, 0.0, 0.0]	[1.0, 0.0, 0.0]
æði	[0.0, 1.0, 0.0]	[0.0, 1.0, 0.0]
æðislegur	[0.0, 0.0, 1.0]	[0.0, 0.0, 1.0]
ì	[0.0, 0.0, 1.0]	[0.0, 0.0, 1.0]
í	[0.3115468409586057, 0.16775599128540306, 0.5206971677559913]	[0.3115468409586057, 0.16775599128540306, 0.5206971677559913]
íbúi	[0.0, 0.0, 1.0]	[0.0, 0.0, 1.0]
íhuga	[0.0, 0.0, 1.0]	[0.0, 0.0, 1.0]
íhugaður	[0.0, 0.0, 1.0]	[0.0, 0.0, 1.0]
ísafjörður	[0.625, 0.0, 0.375]	[0.625, 0.0, 0.375]
íslenska	[0.75, 0.0, 0.25]	[0.75, 0.0, 0.25]
íslenskur	[0.4166666666666667, 0.08333333333333333, 0.5]	[0.4166666666666667, 0.08333333333333333, 0.5]
ítreka	[0.0, 1.0, 0.0]	[0.0, 1.0, 0.0]
ítrekað	[0.2857142857142857, 0.14285714285714285, 0.5714285714285714]	[0.2857142857142857, 0.14285714285714285, 0.5714285714285714]
íþróttataska	[1.0, 0.0, 0.0]	[1.0, 0.0, 0.0]
ó-loftræstur	[0.0, 1.0, 0.0]	[0.0, 1.0, 0.0]
óaðlaðandi	[0.0, 1.0, 0.0]	[0.0, 1.0, 0.0]
óbragð	[0.0, 0.0, 1.0]	[0.0, 0.0, 1.0]
ódýr	[0.0, 0.5, 0.5]	[0.0, 0.5, 0.5]
ófær	[0.0, 1.0, 0.0]	[0.0, 1.0, 0.0]
ógeðslegur	[0.0, 0.0, 1.0]	[0.0, 0.0, 1.0]
óhagstæður	[0.0, 0.0, 1.0]	[0.0, 0.0, 1.0]
óheppilegur	[1.0, 0.0, 0.0]	[1.0, 0.0, 0.0]
óheppinn	[0.0, 1.0, 0.0]	[0.0, 1.0, 0.0]
óhress	[1.0, 0.0, 0.0]	[1.0, 0.0, 0.0]
ókostur	[1.0, 0.0, 0.0]	[1.0, 0.0, 0.0]
ókyrrð	[0.16666666666666666, 0.16666666666666666, 0.6666666666666666]	[0.16666666666666666, 0.16666666666666666, 0.6666666666666666]
ólæti	[0.0, 0.0, 1.0]	[0.0, 0.0, 1.0]
ólíkur	[0.0, 0.3333333333333333, 0.6666666666666666]	[0.0, 0.3333333333333333, 0.6666666666666666]
ómarkviss	[0.0, 1.0, 0.0]	[0.0, 1.0, 0.0]
ómótt	[0.0, 0.0, 1.0]	[0.0, 0.0, 1.0]
ómögulegur	[1.0, 0.0, 0.0]	[1.0, 0.0, 0.0]
ónotalega	[0.0, 1.0, 0.0]	[0.0, 1.0, 0.0]
ónæði	[0.0, 0.0, 1.0]	[0.0, 0.0, 1.0]
óreiða	[1.0, 0.0, 0.0]	[1.0, 0.0, 0.0]
ósannur	[1.0, 0.0, 0.0]	[1.0, 0.0, 0.0]
óska	[0.0, 0.4, 0.6]	[0.0, 0.4, 0.6]
óskaplegur	[0.0, 0.0, 1.0]	[0.0, 0.0, 1.0]
óskipulag	[0.0, 0.0, 1.0]	[0.0, 0.0, 1.0]
ósló	[0.0, 1.0, 0.0]	[0.0, 1.0, 0.0]
ósnyrtilegur	[0.0, 0.0, 1.0]	[0.0, 0.0, 1.0]
ósáttur	[0.3333333333333333, 0.16666666666666666, 0.5]	[0.3333333333333333, 0.16666666666666666, 0.5]
ótrúlega	[0.2, 0.4, 0.4]	[0.2, 0.4, 0.4]
ótrúlegur	[0.0, 0.0, 1.0]	[0.0, 0.0, 1.0]
óvar	[0.0, 0.0, 1.0]	[0.0, 0.0, 1.0]
óvenjulega	[1.0, 0.0, 0.0]	[1.0, 0.0, 0.0]
óvirkur	[0.0, 1.0, 0.0]	[0.0, 1.0, 0.0]
óvirðing	[1.0, 0.0, 0.0]	[1.0, 0.0, 0.0]
óvissa	[1.0, 0.0, 0.0]	[1.0, 0.0, 0.0]
óánægður	[0.5, 0.0, 0.5]	[0.5, 0.0, 0.5]
óásættanlegur	[0.0, 0.0, 1.0]	[0.0, 0.0, 1.0]
óðægilegur	[1.0, 0.0, 0.0]	[1.0, 0.0, 0.0]
óöruggur	[1.0, 0.0, 0.0]	[1.0, 0.0, 0.0]
óþarfi	[1.0, 0.0, 0.0]	[1.0, 0.0, 0.0]
óþolandi	[0.25, 0.25, 0.5]	[0.25, 0.25, 0.5]
óþægilegur	[0.08333333333333333, 0.3333333333333333, 0.5833333333333334]	[0.08333333333333333, 0.3333333333333333, 0.5833333333333334]
óþægindi	[0.0, 0.75, 0.25]	[0.0, 0.75, 0.25]
ömulegur	[1.0, 0.0, 0.0]	[1.0, 0.0, 0.0]
ömurlegur	[0.4166666666666667, 0.08333333333333333, 0.5]	[0.4166666666666667, 0.08333333333333333, 0.5]
örlítill	[0.0, 1.0, 0.0]	[0.0, 1.0, 0.0]
örlítið	[0.0, 0.0, 1.0]	[0.0, 0.0, 1.0]
örstuttur	[0.0, 1.0, 0.0]	[0.0, 1.0, 0.0]
örugglega	[0.3333333333333333, 0.3333333333333333, 0.3333333333333333]	[0.3333333333333333, 0.3333333333333333, 0.3333333333333333]
öruggur	[0.0, 0.0, 1.0]	[0.0, 0.0, 1.0]
örvunarskammtur	[0.0, 0.0, 1.0]	[0.0, 0.0, 1.0]
öryggi	[0.0, 0.0, 1.0]	[0.0, 0.0, 1.0]
öryggisatriði	[0.0, 0.0, 1.0]	[0.0, 0.0, 1.0]
öryggisbelti	[0.0, 0.0, 1.0]	[0.0, 0.0, 1.0]
öryggisleit	[0.5, 0.0, 0.5]	[0.5, 0.0, 0.5]
öryggisregla	[0.0, 1.0, 0.0]	[0.0, 1.0, 0.0]
öryggisútgangur	[0.0, 0.0, 1.0]	[0.0, 0.0, 1.0]
öryggisþáttur	[0.0, 0.0, 1.0]	[0.0, 0.0, 1.0]
öxl	[1.0, 0.0, 0.0]	[1.0, 0.0, 0.0]
úr	[0.3333333333333333, 0.0, 0.6666666666666666]	[0.3333333333333333, 0.0, 0.6666666666666666]
úrbót	[0.0, 0.0, 1.0]	[0.0, 0.0, 1.0]
úreldur	[0.0, 0.0, 1.0]	[0.0, 0.0, 1.0]
úrval	[0.2, 0.0, 0.8]	[0.2, 0.0, 0.8]
út	[0.3055555555555556, 0.19444444444444445, 0.5]	[0.3055555555555556, 0.19444444444444445, 0.5]
útgangur	[0.0, 0.0, 1.0]	[0.0, 0.0, 1.0]
útgönguhurð	[0.0, 1.0, 0.0]	[0.0, 1.0, 0.0]
úthluta	[0.0, 0.0, 1.0]	[0.0, 0.0, 1.0]
úthlutaður	[0.0, 0.0, 1.0]	[0.0, 0.0, 1.0]
úti	[1.0, 0.0, 0.0]	[1.0, 0.0, 0.0]
útleið	[0.0, 0.0, 1.0]	[0.0, 0.0, 1.0]
útá	[0.0, 1.0, 0.0]	[0.0, 1.0, 0.0]
ýkja	[1.0, 0.0, 0.0]	[1.0, 0.0, 0.0]
ýmislegur	[0.0, 0.0, 1.0]	[0.0, 0.0, 1.0]
ýta	[0.0, 0.0, 1.0]	[0.0, 0.0, 1.0]
þakka	[0.6666666666666666, 0.3333333333333333, 0.0]	[0.6666666666666666, 0.3333333333333333, 0.0]
þakklátur	[0.0, 0.0, 1.0]	[0.0, 0.0, 1.0]
þakklæti	[0.0, 0.0, 1.0]	[0.0, 0.0, 1.0]
þangað	[0.0, 0.3333333333333333, 0.6666666666666666]	[0.0, 0.3333333333333333, 0.6666666666666666]
þannig	[0.23076923076923078, 0.23076923076923078, 0.5384615384615384]	[0.23076923076923078, 0.23076923076923078, 0.5384615384615384]
þar	[0.3620689655172414, 0.20689655172413793, 0.43103448275862066]	[0.3620689655172414, 0.20689655172413793, 0.43103448275862066]
þarna	[0.5, 0.0, 0.5]	[0.5, 0.0, 0.5]
þaðan	[0.0, 0.0, 1.0]	[0.0, 0.0, 1.0]
þegar	[0.0, 0.0, 1.0]	[0.0, 0.0, 1.0]
þekkja	[0.0, 0.3333333333333333, 0.6666666666666666]	[0.0, 0.3333333333333333, 0.6666666666666666]
þeytingur	[1.0, 0.0, 0.0]	[1.0, 0.0, 0.0]
þiggja	[0.0, 0.0, 1.0]	[0.0, 0.0, 1.0]
þjappaður	[0.0, 0.0, 1.0]	[0.0, 0.0, 1.0]
þjófnaður	[0.0, 0.0, 1.0]	[0.0, 0.0, 1.0]
þjóna	[1.0, 0.0, 0.0]	[1.0, 0.0, 0.0]
þjónusta	[0.42424242424242425, 0.07575757575757576, 0.5]	[0.42424242424242425, 0.07575757575757576, 0.5]
þjónustuborð	[1.0, 0.0, 0.0]	[1.0, 0.0, 0.0]
þjónustudeski	[0.0, 0.5, 0.5]	[0.0, 0.5, 0.5]
þjónustuleysi	[0.0, 0.0, 1.0]	[0.0, 0.0, 1.0]
þjónustulund	[0.0, 0.0, 1.0]	[0.0, 0.0, 1.0]
þjónustulundaður	[0.0, 0.0, 1.0]	[0.0, 0.0, 1.0]
þjónustusími	[0.5, 0.0, 0.5]	[0.5, 0.0, 0.5]
þjónustuupplifun	[1.0, 0.0, 0.0]	[1.0, 0.0, 0.0]
þjónustuver	[0.5, 0.0, 0.5]	[0.5, 0.0, 0.5]
þjóðarstolt	[0.0, 0.0, 1.0]	[0.0, 0.0, 1.0]
þola	[1.0, 0.0, 0.0]	[1.0, 0.0, 0.0]
þolinmæði	[0.0, 0.0, 1.0]	[0.0, 0.0, 1.0]
þrengsli	[1.0, 0.0, 0.0]	[1.0, 0.0, 0.0]
þreyta	[0.0, 0.0, 1.0]	[0.0, 0.0, 1.0]
þreytandi	[0.0, 0.0, 1.0]	[0.0, 0.0, 1.0]
þreyttur	[0.0, 1.0, 0.0]	[0.0, 1.0, 0.0]
þrisvar	[0.0, 0.0, 1.0]	[0.0, 0.0, 1.0]
þriðji	[0.0, 1.0, 0.0]	[0.0, 1.0, 0.0]
þriðjudagur	[1.0, 0.0, 0.0]	[1.0, 0.0, 0.0]
þruma	[1.0, 0.0, 0.0]	[1.0, 0.0, 0.0]
þrátt	[0.07142857142857142, 0.14285714285714285, 0.7857142857142857]	[0.07142857142857142, 0.14285714285714285, 0.7857142857142857]
þráðlaus	[0.0, 0.6666666666666666, 0.3333333333333333]	[0.0, 0.6666666666666666, 0.3333333333333333]
þrífa	[0.0, 0.0, 1.0]	[0.0, 0.0, 1.0]
þróa	[0.0, 0.0, 1.0]	[0.0, 0.0, 1.0]
þröngur	[0.6666666666666666, 0.3333333333333333, 0.0]	[0.6666666666666666, 0.3333333333333333, 0.0]
þrýsta	[1.0, 0.0, 0.0]	[1.0, 0.0, 0.0]
þurfa	[0.23880597014925373, 0.13432835820895522, 0.6268656716417911]	[0.23880597014925373, 0.13432835820895522, 0.6268656716417911]
þvaga	[0.0, 0.0, 1.0]	[0.0, 0.0, 1.0]
því	[0.2222222222222222, 0.2222222222222222, 0.5555555555555556]	[0.2222222222222222, 0.2222222222222222, 0.5555555555555556]
þykja	[0.5, 0.0, 0.5]	[0.5, 0.0, 0.5]
þá	[0.2608695652173913, 0.13043478260869565, 0.6086956521739131]	[0.2608695652173913, 0.13043478260869565, 0.6086956521739131]
þáttur	[0.0, 0.0, 1.0]	[0.0, 0.0, 1.0]
þægilegur	[0.2, 0.4, 0.4]	[0.2, 0.4, 0.4]
þægindi	[0.25, 0.25, 0.5]	[0.25, 0.25, 0.5]
þó	[0.5, 0.07142857142857142, 0.42857142857142855]	[0.5, 0.07142857142857142, 0.42857142857142855]
þóknast	[0.0, 1.0, 0.0]	[0.0, 1.0, 0.0]
þökk	[0.0, 0.0, 1.0]	[0.0, 0.0, 1.0]
