onboard	-0.14285714285714285	[-1, 1, -1, -1, 1, 1, -1]
bad	-0.75	[-1, -1, -1, -1, -1, -1, 1, -1, -1, -1, -1, -1, -1, -1, -1, -1, -1, -1, -1, -1, -1, -1, 1, -1, 1, 1, -1, -1, -1, -1, -1, -1, -1, -1, -1, -1, -1, -1, 1, -1, -1, -1, -1, -1, -1, -1, -1, 1]
thing	-0.8620689655172413	[-1, -1, -1, -1, 1, -1, -1, -1, -1, -1, -1, -1, -1, -1, -1, -1, -1, -1, -1, -1, -1, -1, -1, 1, -1, -1, -1, -1, -1]
see	0.2	[1, -1, -1, 1, 1]
experience	-0.051094890510948905	[-1, -1, 1, -1, -1, -1, -1, 1, 1, 1, 1, 1, 1, 1, -1, 1, -1, 1, -1, -1, -1, -1, 1, 1, 1, -1, 1, 1, 1, 1, -1, 1, -1, -1, -1, -1, -1, -1, -1, 1, -1, -1, -1, 1, -1, -1, -1, -1, -1, 1, 1, 1, -1, 1, 1, 1, -1, 1, -1, 1, 1, 1, -1, 1, 1, 1, 1, 1, -1, -1, -1, 1, -1, 1, 1, -1, -1, -1, -1, 1, -1, 1, -1, 1, 1, 1, -1, -1, -1, 1, -1, -1, 1, 1, -1, -1, 1, -1, -1, -1, -1, 1, 1, 1, 1, -1, -1, 1, -1, -1, -1, 1, -1, -1, -1, 1, 1, 1, -1, -1, -1, 1, -1, -1, 1, -1, 1, -1, 1, 1, -1, -1, 1, 1, 1, 1, -1]
lead	-1.0	[-1, -1, -1, -1, -1]
light	-0.42857142857142855	[-1, 1, -1, -1, -1, 1, -1]
plane	-0.7087378640776699	[-1, -1, -1, -1, -1, -1, -1, -1, -1, -1, -1, -1, -1, -1, -1, -1, -1, -1, -1, 1, -1, -1, -1, -1, -1, -1, -1, 1, 1, -1, -1, -1, -1, -1, -1, -1, -1, -1, -1, 1, -1, -1, 1, -1, -1, -1, -1, -1, -1, 1, -1, -1, -1, 1, -1, -1, -1, -1, -1, -1, -1, 1, 1, -1, -1, -1, -1, -1, -1, -1, -1, -1, -1, -1, -1, -1, -1, -1, -1, -1, -1, -1, -1, -1, -1, 1, -1, 1, -1, -1, -1, -1, -1, -1, -1, 1, -1, -1, 1, 1, -1, -1, 1]
flow	-0.3333333333333333	[-1, -1, 1]
time	-0.5079365079365079	[-1, -1, -1, 1, 1, -1, -1, -1, -1, -1, -1, 1, -1, 1, -1, -1, -1, -1, -1, -1, -1, -1, -1, 1, -1, -1, 1, -1, -1, -1, -1, -1, -1, 1, 1, -1, 1, -1, -1, -1, -1, -1, -1, -1, -1, 1, -1, 1, -1, -1, -1, 1, -1, -1, -1, -1, -1, 1, 1, -1, -1, 1, 1, -1, -1, -1, -1, -1, -1, -1, 1, -1, -1, -1, -1, -1, -1, -1, -1, -1, -1, 1, 1, -1, -1, -1, -1, -1, 1, -1, -1, 1, -1, -1, 1, -1, -1, -1, -1, -1, -1, -1, -1, -1, -1, -1, -1, 1, 1, -1, -1, 1, 1, 1, -1, 1, -1, -1, -1, 1, -1, 1, -1, -1, 1, -1]
show	1.0	[1, 1]
yesterday	-1.0	[-1, -1]
fly	-0.1	[-1, 1, -1, -1, 1, -1, -1, 1, 1, 1, 1, 1, -1, -1, 1, -1, -1, 1, -1, -1, 1, 1, -1, -1, -1, -1, 1, -1, -1, 1, 1, -1, 1, 1, 1, -1, -1, -1, 1, 1, 1, -1, -1, -1, -1, -1, 1, 1, -1, -1, -1, 1, 1, 1, 1, -1, 1, -1, 1, -1, -1, -1, 1, 1, 1, -1, -1, -1, -1, 1, -1, 1, -1, -1, -1, 1, -1, -1, 1, 1]
ask	-0.5	[1, -1, -1, 1, -1, -1, 1, -1, -1, 1, -1, -1, -1, -1, 1, -1, -1, -1, -1, -1, -1, 1, -1, -1, -1, -1, -1, -1, -1, 1, -1, -1, -1, -1, 1, -1, -1, -1, -1, 1, 1, -1, -1, 1]
miserably	-1.0	[-1]
hot	-0.8181818181818182	[-1, -1, -1, 1, -1, -1, -1, -1, -1, -1, -1, -1, -1, 1, -1, -1, -1, -1, -1, -1, -1, -1]
flight	-0.4316353887399464	[-1, -1, -1, -1, -1, -1, -1, -1, -1, -1, -1, 1, -1, -1, -1, -1, -1, -1, -1, -1, -1, -1, -1, -1, -1, -1, 1, -1, 1, 1, 1, 1, 1, 1, 1, -1, -1, -1, -1, -1, -1, -1, -1, -1, 1, -1, -1, -1, -1, -1, -1, -1, -1, 1, -1, -1, 1, -1, -1, -1, -1, -1, 1, -1, 1, -1, -1, -1, 1, -1, -1, -1, -1, -1, -1, 1, -1, -1, -1, 1, 1, -1, -1, -1, -1, -1, -1, -1, -1, 1, -1, -1, -1, -1, 1, 1, -1, 1, 1, 1, -1, -1, -1, 1, -1, 1, -1, -1, -1, -1, -1, -1, 1, -1, 1, 1, -1, -1, -1, 1, -1, 1, -1, -1, -1, -1, -1, -1, 1, -1, 1, -1, -1, 1, -1, -1, -1, -1, 1, 1, -1, -1, -1, 1, -1, 1, 1, -1, -1, 1, 1, -1, -1, -1, 1, -1, 1, -1, 1, -1, -1, -1, -1, 1, -1, -1, -1, 1, 1, 1, -1, -1, -1, -1, -1, -1, -1, -1, -1, -1, -1, -1, -1, -1, -1, 1, -1, -1, -1, -1, 1, -1, -1, -1, 1, -1, -1, 1, 1, -1, -1, -1, -1, -1, 1, -1, -1, 1, 1, -1, 1, -1, -1, -1, 1, -1, 1, -1, -1, 1, 1, -1, -1, 1, -1, -1, -1, -1, -1, -1, -1, 1, -1, 1, -1, -1, -1, -1, -1, 1, 1, -1, -1, 1, -1, 1, -1, -1, -1, -1, -1, -1, -1, -1, -1, 1, -1, 1, -1, 1, -1, -1, -1, 1, 1, -1, 1, 1, 1, 1, -1, 1, 1, 1, -1, -1, -1, -1, -1, -1, -1, -1, -1, -1, 1, -1, 1, -1, -1, -1, -1, -1, -1, 1, -1, -1, -1, -1, -1, -1, 1, -1, -1, -1, -1, -1, -1, -1, -1, -1, 1, 1, -1, -1, -1, -1, 1, -1, 1, -1, 1, -1, -1, -1, -1, -1, 1, 1, 1, -1, -1, -1, -1, 1, -1, -1, -1, 1, -1, -1, -1, 1, -1, -1, 1, -1, -1, 1, -1, -1, 1, 1, -1, 1, -1, -1, 1, -1, -1, 1, -1, -1, 1, -1, 1, -1, -1, -1, 1, -1, -1, 1, -1]
love	0.6521739130434783	[1, 1, -1, -1, 1, 1, 1, 1, 1, 1, 1, 1, 1, 1, 1, 1, -1, 1, 1, 1, -1, 1, 1]
people	-0.40350877192982454	[1, 1, -1, -1, 1, 1, -1, -1, -1, 1, -1, 1, -1, -1, 1, -1, -1, -1, 1, -1, -1, -1, -1, -1, 1, 1, -1, -1, 1, -1, -1, 1, -1, -1, -1, -1, -1, -1, -1, -1, -1, -1, -1, -1, -1, -1, -1, -1, 1, 1, -1, 1, -1, -1, -1, 1, 1]
smile	1.0	[1, 1, 1, 1]
eye	-0.3333333333333333	[1, -1, -1]
offer	-0.5294117647058824	[-1, -1, -1, -1, -1, -1, 1, -1, 1, 1, 1, -1, -1, -1, -1, -1, 1, 1, -1, -1, -1, -1, -1, -1, -1, -1, -1, -1, -1, -1, 1, -1, 1, -1, -1, 1, -1, -1, 1, 1, -1, -1, -1, -1, -1, -1, -1, -1, -1, 1, -1]
kosher	-1.0	[-1]
food	-0.7307692307692307	[-1, 1, -1, -1, -1, -1, -1, -1, -1, -1, 1, -1, 1, -1, -1, -1, -1, -1, -1, -1, -1, -1, 1, -1, -1, -1, -1, 1, -1, -1, -1, -1, -1, -1, -1, -1, -1, -1, 1, -1, -1, 1, -1, -1, -1, -1, -1, -1, 1, -1, -1, -1, -1, -1, -1, -1, -1, -1, -1, -1, -1, 1, 1, -1, -1, -1, 1, -1, -1, -1, -1, -1, -1, 1, -1, -1, -1, 1, -1, -1, -1, -1, -1, -1, -1, -1, -1, -1, -1, -1, -1, -1, -1, 1, -1, -1, -1, -1, -1, -1, -1, -1, -1, -1]
able	-0.16666666666666666	[1, 1, -1, -1, 1, -1, -1, -1, -1, -1, 1, 1, 1, -1, -1, 1, 1, 1, -1, -1, -1, 1, -1, -1]
eat	-0.6	[-1, -1, -1, 1, -1, -1, -1, -1, -1, -1, -1, 1, 1, -1, -1]
seat	-0.6949152542372882	[-1, -1, -1, -1, -1, -1, -1, -1, -1, -1, -1, -1, 1, -1, -1, -1, -1, 1, -1, -1, -1, -1, -1, -1, -1, -1, -1, -1, -1, -1, -1, -1, -1, -1, 1, -1, -1, 1, -1, -1, -1, -1, 1, 1, -1, -1, -1, -1, -1, -1, 1, -1, -1, 1, -1, -1, 1, -1, -1, -1, -1, -1, -1, -1, -1, -1, -1, -1, -1, -1, -1, 1, -1, -1, -1, -1, -1, -1, -1, -1, 1, -1, -1, -1, -1, -1, -1, -1, -1, -1, 1, -1, 1, -1, 1, -1, -1, -1, 1, -1, -1, -1, -1, -1, -1, -1, -1, 1, -1, 1, -1, -1, -1, 1, -1, -1, -1, -1]
cramp	-1.0	[-1, -1, -1, -1, -1, -1]
leg	-0.6571428571428571	[-1, -1, -1, -1, -1, 1, -1, -1, -1, 1, -1, 1, -1, -1, 1, -1, -1, -1, -1, -1, -1, -1, -1, -1, -1, -1, -1, 1, -1, -1, -1, -1, -1, 1, -1]
room	-0.8666666666666667	[-1, -1, -1, -1, -1, -1, -1, -1, -1, -1, -1, -1, -1, -1, -1, 1, -1, -1, -1, -1, -1, -1, -1, -1, 1, -1, -1, -1, -1, -1]
think	-0.6363636363636364	[-1, -1, -1, -1, -1, -1, -1, -1, -1, -1, -1, 1, 1, -1, -1, -1, 1, -1, -1, -1, -1, -1, -1, -1, -1, -1, -1, -1, 1, -1, -1, 1, 1]
quick	0.3333333333333333	[-1, -1, 1, 1, 1, 1, -1, 1, 1]
way	-0.4583333333333333	[-1, -1, 1, -1, -1, -1, -1, -1, 1, -1, -1, -1, -1, -1, -1, 1, 1, -1, 1, 1, 1, -1, -1, -1, -1, 1, -1, -1, -1, -1, -1, -1, -1, 1, -1, -1, -1, -1, -1, 1, 1, -1, -1, -1, 1, -1, 1, -1]
passenger	-0.7313432835820896	[-1, -1, -1, -1, 1, -1, 1, -1, -1, -1, 1, -1, -1, -1, -1, -1, -1, -1, 1, -1, -1, -1, -1, -1, -1, -1, -1, -1, -1, -1, -1, -1, 1, -1, 1, -1, -1, -1, -1, -1, -1, -1, -1, -1, -1, -1, -1, -1, -1, -1, -1, -1, -1, -1, 1, -1, -1, -1, 1, -1, 1, -1, -1, -1, -1, -1, -1]
airline	-0.4246575342465753	[1, -1, -1, -1, 1, -1, -1, -1, 1, 1, -1, -1, -1, 1, 1, 1, -1, -1, 1, -1, -1, 1, 1, -1, -1, -1, -1, 1, 1, -1, -1, 1, -1, -1, -1, 1, 1, -1, -1, -1, -1, 1, -1, 1, -1, -1, -1, -1, -1, -1, -1, 1, -1, -1, -1, -1, -1, 1, -1, -1, -1, -1, -1, -1, -1, -1, -1, -1, -1, 1, -1, 1, -1]
airport	-0.5423728813559322	[1, -1, 1, -1, -1, -1, -1, -1, -1, -1, -1, -1, -1, -1, -1, -1, -1, -1, -1, -1, -1, 1, 1, -1, -1, -1, -1, 1, -1, -1, 1, 1, -1, -1, -1, 1, -1, 1, -1, 1, 1, -1, -1, -1, 1, -1, 1, -1, -1, -1, -1, 1, -1, -1, -1, -1, -1, 1, -1, -1, -1, -1, -1, -1, -1, -1, -1, 1, -1, 1, -1, -1, -1, -1, -1, 1, -1, -1, -1, -1, 1, -1, -1, -1, -1, -1, -1, 1, -1, -1, 1, -1, -1, -1, 1, -1, -1, -1, -1, -1, -1, -1, -1, 1, -1, -1, -1, -1, -1, -1, 1, -1, 1, -1, -1, 1, 1, -1]
great	0.6417910447761194	[1, 1, 1, -1, -1, 1, 1, 1, 1, 1, -1, -1, 1, 1, 1, 1, 1, 1, 1, 1, 1, 1, 1, 1, 1, 1, 1, 1, 1, -1, 1, -1, 1, 1, -1, 1, 1, 1, 1, -1, 1, -1, 1, 1, -1, 1, 1, 1, 1, 1, 1, 1, 1, 1, -1, 1, 1, 1, 1, 1, 1, 1, -1, 1, 1, 1, 1]
juice	1.0	[1]
smoothly	0.42857142857142855	[-1, 1, 1, 1, -1, 1, 1]
minute	-0.9411764705882353	[-1, -1, -1, -1, -1, -1, -1, 1, -1, -1, -1, -1, -1, -1, -1, -1, -1, -1, -1, -1, -1, -1, -1, -1, -1, -1, -1, -1, -1, -1, -1, -1, -1, -1]
communication	-0.52	[-1, -1, -1, -1, -1, 1, 1, 1, -1, -1, 1, -1, -1, -1, 1, 1, -1, -1, -1, -1, -1, -1, -1, -1, -1]
lack	-0.6923076923076923	[-1, -1, -1, -1, 1, -1, -1, -1, -1, 1, -1, -1, -1]
upgrade	-0.76	[-1, 1, -1, -1, -1, -1, -1, -1, -1, 1, -1, -1, -1, -1, -1, -1, -1, -1, -1, -1, -1, -1, -1, 1, -1]
well	0.8181818181818182	[1, 1, 1, 1, 1, -1, 1, 1, 1, 1, 1]
wide	-1.0	[-1]
variety	0.0	[-1, 1]
inflight	-0.5555555555555556	[-1, -1, -1, 1, 1, -1, -1, -1, 1, -1, -1, -1, 1, -1, -1, -1, -1, -1]
music	0.0	[-1, 1]
option	-0.41379310344827586	[-1, 1, -1, -1, -1, 1, -1, 1, -1, -1, -1, -1, 1, 1, -1, -1, -1, -1, -1, -1, -1, -1, 1, 1, -1, -1, 0, -1, 1]
icelandic	0.07692307692307693	[1, -1, -1, -1, -1, 1, 1, 1, 1, 1, -1, -1, 1]
nice	0.7254901960784313	[1, 1, 1, 1, 1, -1, 1, 1, -1, 1, 1, 1, 1, 1, -1, 1, 1, -1, -1, 1, 1, 1, 1, 1, 1, 1, 1, 1, 1, 1, -1, 1, 1, 1, 1, 1, 1, 1, 1, 1, 1, 1, 1, 1, 1, 1, 1, 1, 1, 1, -1]
dissapointe	-1.0	[-1, -1]
friend	-0.42857142857142855	[-1, -1, 1, 1, -1, -1, -1]
gate	-0.7666666666666667	[-1, -1, -1, -1, -1, -1, -1, 1, -1, -1, -1, -1, -1, 1, -1, -1, -1, -1, -1, -1, -1, -1, -1, -1, -1, -1, -1, -1, -1, -1, -1, -1, -1, -1, -1, -1, -1, -1, -1, 1, 1, 1, -1, -1, -1, 1, -1, -1, -1, -1, -1, -1, -1, -1, -1, -1, -1, -1, -1, 1]
work	0.2	[-1, 1, 1, -1, -1, 1, 1, 1, -1, 1, 1, -1, 1, 1, 1, -1, -1, 1, 1, 1, 1, -1, 1, -1, 1, -1, -1, 1, -1, -1, 1, -1, 1, -1, 1, 1, 1, -1, 1, 1, 1, 1, -1, -1, 1]
saga	-0.5	[-1, -1, -1, -1, -1, 1, -1, -1, -1, -1, -1, -1, 1, -1, -1, -1, 1, 1, -1, 1]
class	-0.6363636363636364	[-1, 1, -1, -1, -1, -1, -1, -1, -1, -1, -1, -1, -1, -1, -1, -1, 1, -1, -1, -1, 1, -1, -1, -1, -1, -1, 1, -1, -1, -1, -1, 1, -1, -1, -1, -1, -1, -1, 1, -1, -1, -1, 1, 1]
expect	-0.625	[-1, 1, -1, -1, -1, -1, -1, -1, -1, -1, 1, -1, -1, -1, -1, 1]
basic	-0.42857142857142855	[-1, -1, 1, -1, -1, -1, 1]
free	-0.2	[-1, -1, 1, -1, -1, -1, -1, 1, -1, -1, -1, -1, -1, 1, 1, 1, -1, -1, -1, 1, 1, 1, 1, -1, -1, -1, -1, 1, -1, 1, -1, 1, 1, 1, -1, -1, 1, -1, 1, -1]
snack	-0.875	[-1, -1, -1, -1, -1, -1, -1, -1, -1, -1, -1, -1, 1, -1, -1, -1, -1, -1, -1, -1, -1, -1, -1, -1, -1, -1, 1, -1, -1, -1, -1, -1]
pass	-0.625	[1, -1, -1, -1, -1, -1, 1, -1, -1, -1, -1, -1, -1, -1, -1, 1]
transatlantic	-0.8	[-1, -1, -1, 1, -1, -1, -1, -1, -1, -1]
mask	-0.6923076923076923	[-1, -1, -1, -1, -1, -1, -1, -1, -1, -1, 1, 1, -1]
compliance	-1.0	[-1]
check	-0.6209150326797386	[-1, -1, -1, -1, -1, -1, -1, -1, -1, 1, -1, -1, -1, -1, -1, -1, -1, -1, -1, -1, -1, -1, 1, 1, 1, -1, -1, -1, -1, 1, -1, -1, -1, -1, -1, -1, -1, -1, -1, -1, -1, -1, -1, -1, -1, -1, -1, -1, -1, -1, -1, 1, -1, 1, 1, -1, -1, -1, -1, -1, 1, -1, -1, -1, -1, -1, -1, -1, -1, -1, 1, -1, -1, -1, -1, 1, -1, -1, -1, -1, -1, -1, -1, -1, -1, 1, -1, -1, -1, -1, -1, -1, -1, -1, -1, -1, -1, -1, -1, -1, -1, -1, 1, -1, -1, -1, -1, -1, -1, 1, -1, 1, -1, -1, -1, -1, -1, -1, -1, -1, -1, -1, -1, -1, -1, -1, 1, 1, 1, 1, 1, -1, 1, -1, -1, 1, 1, -1, 1, 1, -1, -1, -1, -1, -1, -1, -1, 1, 1, 1, -1, 1, -1]
luggage	-0.7674418604651163	[-1, -1, -1, -1, -1, -1, -1, 1, -1, -1, -1, -1, 1, -1, -1, -1, -1, -1, -1, -1, -1, -1, 1, -1, -1, -1, -1, -1, -1, 1, -1, -1, -1, -1, -1, -1, -1, -1, -1, 1, -1, -1, -1]
early	-0.76	[-1, -1, 1, -1, -1, -1, -1, -1, -1, 1, -1, 1, -1, -1, -1, -1, -1, -1, -1, -1, -1, -1, -1, -1, -1]
connect	-0.6666666666666666	[-1, -1, -1, -1, -1, 1, -1, -1, 1, -1, -1, -1, -1, -1, -1, -1, -1, -1, -1, 1, 1, -1, -1, -1]
margin	-1.0	[-1]
improve	-1.0	[-1, -1, -1, -1, -1, -1, -1, -1, -1, -1, -1, -1]
complimentary	-0.6363636363636364	[-1, -1, -1, -1, -1, 1, 1, -1, -1, -1, -1]
definitely	-0.09090909090909091	[-1, 1, -1, -1, 1, -1, 1, 1, -1, -1, 1]
limited	-1.0	[-1, -1, -1, -1, -1, -1]
number	-1.0	[-1, -1, -1, -1, -1, -1]
come	-0.4375	[-1, -1, -1, -1, -1, -1, 1, 1, -1, -1, -1, -1, -1, -1, 1, -1, 1, -1, 1, -1, 1, -1, -1, -1, -1, -1, -1, -1, -1, 1, 1, 1]
wait	-0.7777777777777778	[-1, -1, -1, -1, 1, -1, -1, -1, -1, -1, -1, -1, -1, -1, -1, -1, -1, -1, -1, 1, 1, -1, -1, -1, -1, -1, -1, -1, -1, -1, -1, -1, -1, -1, -1, -1, -1, -1, -1, -1, -1, -1, -1, -1, -1, 1, -1, 1, -1, -1, -1, -1, -1, -1, -1, -1, -1, -1, -1, -1, -1, -1, -1, -1, -1, -1, 1, 1, 1, -1, -1, -1]
board	-0.5833333333333334	[-1, -1, -1, -1, -1, -1, -1, -1, -1, -1, -1, -1, -1, 1, -1, -1, -1, 1, -1, -1, -1, -1, -1, 1, -1, -1, 1, 1, -1, 1, -1, -1, -1, -1, -1, -1, -1, -1, -1, -1, -1, -1, 1, -1, -1, -1, -1, 1, -1, -1, -1, 1, -1, -1, -1, -1, -1, -1, -1, -1, -1, -1, 1, -1, -1, 1, 1, -1, 1, -1, 1, 1]
count	0.0	[-1, 1]
force	-0.6666666666666666	[-1, -1, -1, 1, -1, -1]
stand	-1.0	[-1, -1, -1, -1, -1, -1, -1, -1, -1, -1, -1, -1, -1, -1, -1, -1, -1, -1]
lounge	-0.7333333333333333	[-1, -1, -1, 1, -1, -1, -1, -1, -1, 1, -1, -1, -1, -1, -1]
access	-1.0	[-1, -1, -1, -1, -1, -1, -1, -1, -1, -1, -1, -1]
include	-0.5294117647058824	[-1, -1, -1, -1, -1, -1, 1, -1, -1, 1, 1, -1, -1, -1, -1, -1, 1]
priority	-1.0	[-1, -1, -1, -1, -1, -1, -1, -1, -1, -1, -1, -1, -1, -1]
bit	-0.8333333333333334	[-1, -1, -1, -1, -1, -1, -1, 1, -1, -1, -1, -1, -1, -1, -1, -1, -1, -1, -1, -1, -1, 1, -1, -1]
disappointing	-1.0	[-1, -1, -1, -1, -1, -1, -1, -1, -1, -1, -1]
hour	-0.8350515463917526	[-1, -1, 1, -1, -1, -1, -1, -1, -1, -1, -1, -1, -1, -1, -1, -1, -1, -1, -1, -1, -1, -1, -1, -1, -1, -1, 1, -1, -1, 1, 1, -1, -1, -1, -1, -1, -1, -1, -1, -1, -1, -1, -1, -1, -1, -1, -1, -1, -1, -1, -1, -1, 1, -1, -1, -1, -1, -1, -1, -1, -1, -1, -1, -1, -1, -1, -1, -1, -1, -1, -1, 1, -1, -1, 1, -1, -1, -1, -1, -1, -1, -1, -1, -1, -1, -1, 1, -1, -1, -1, -1, -1, -1, -1, -1, -1, -1]
drink	-0.7037037037037037	[-1, -1, -1, -1, -1, -1, -1, -1, -1, -1, 1, -1, -1, -1, -1, 1, -1, -1, 1, 1, -1, -1, -1, -1, -1, -1, -1]
snacksnothe	-1.0	[-1]
t	-1.0	[-1]
horrible	-0.8461538461538461	[-1, -1, -1, -1, -1, -1, -1, -1, 1, -1, -1, -1, -1]
traet	-1.0	[-1]
departure	-0.8571428571428571	[-1, -1, 1, 1, -1, -1, -1, -1, -1, -1, -1, -1, -1, -1, -1, -1, -1, -1, -1, -1, -1, -1, -1, -1, -1, -1, -1, -1]
typically	-1.0	[-1]
evening	-0.5	[-1, -1, -1, 1]
meal	-0.5882352941176471	[-1, -1, -1, -1, -1, -1, -1, -1, -1, -1, 1, -1, -1, -1, 1, -1, 1, -1, -1, 1, 1, -1, -1, -1, -1, -1, -1, -1, -1, -1, 1, -1, 1, -1]
checkin	-0.5757575757575758	[1, -1, -1, -1, -1, -1, -1, -1, -1, -1, -1, 1, -1, 1, -1, -1, 1, -1, -1, -1, -1, -1, -1, -1, -1, 1, -1, -1, -1, 1, -1, 1, -1]
team	0.5	[1, 1, 1, 1, -1, -1, 1, 1]
overall	-0.043478260869565216	[-1, -1, 1, 1, 1, -1, 1, -1, -1, 1, 1, 1, -1, 1, 1, 1, -1, -1, -1, -1, -1, -1, 1]
good	0.42574257425742573	[-1, 1, 1, 1, 1, 1, 1, -1, 1, 1, -1, 1, 1, 1, 1, -1, -1, 1, 1, -1, 1, 1, 1, -1, -1, 1, -1, 1, 1, -1, 1, 1, 1, 1, -1, 1, 1, 1, -1, -1, 1, -1, 1, 1, -1, 1, -1, 1, 1, 1, 1, 1, 1, -1, 1, 1, 1, -1, 1, 1, 1, -1, -1, 1, 1, -1, 1, 1, -1, 1, -1, 1, 1, 1, 1, -1, -1, 1, 1, 1, -1, 1, 1, 1, 1, 1, 1, 1, 1, 1, -1, 1, 1, 1, -1, 1, -1, 1, 1, 1, 1]
poor	-0.9333333333333333	[-1, -1, -1, -1, -1, -1, -1, -1, -1, -1, -1, -1, -1, -1, -1, -1, -1, -1, -1, -1, -1, -1, -1, -1, 1, -1, -1, -1, -1, -1]
turn	-0.3333333333333333	[-1, 1, -1, -1, 1, 1, -1, -1, -1]
volume	-1.0	[-1, -1, -1]
uplouder	-1.0	[-1]
attendant	-0.125	[-1, -1, 1, 1, 1, -1, -1, -1, -1, 1, -1, -1, -1, 1, -1, -1, -1, -1, -1, -1, -1, 1, 1, -1, 1, 1, -1, 1, 1, -1, -1, 1, -1, -1, 1, 1, 1, 1, -1, -1, 1, -1, 1, 1, 1, -1, -1, 1]
announcement	-0.9090909090909091	[-1, -1, -1, -1, -1, -1, -1, -1, -1, -1, -1, -1, -1, -1, -1, -1, -1, -1, -1, -1, 1, -1]
difficult	-0.8181818181818182	[-1, -1, -1, 1, -1, -1, -1, 1, -1, -1, -1, -1, -1, -1, -1, -1, -1, -1, -1, -1, -1, -1]
hear	-0.3333333333333333	[-1, -1, 1, 1, -1, 1, -1, -1, -1, -1, -1, -1, 1, 1, -1]
late	-0.7714285714285715	[-1, -1, -1, -1, -1, -1, -1, -1, -1, -1, -1, -1, -1, -1, -1, -1, -1, 1, -1, -1, 1, -1, -1, -1, 1, 1, -1, -1, -1, -1, -1, -1, -1, -1, -1]
slowunderstaffe	-1.0	[-1]
like	-0.05555555555555555	[-1, 1, 1, 1, -1, 1, -1, -1, 1, 1, 1, -1, -1, -1, 1, 1, -1, -1, -1, -1, -1, -1, 1, -1, 1, -1, -1, -1, 1, 1, -1, 1, 1, 1, -1, 1]
effort	-0.2	[-1, -1, 1, 1, -1]
ecofriendliness	-1.0	[-1]
encounter	-1.0	[-1, -1]
agent	-0.52	[-1, 1, -1, -1, -1, -1, -1, 1, -1, 1, -1, -1, -1, -1, -1, 1, -1, -1, 1, 1, -1, -1, -1, -1, -1]
issue	-0.25925925925925924	[-1, -1, -1, -1, -1, 1, -1, -1, 1, 1, -1, -1, 1, 1, -1, -1, 1, -1, 1, -1, 1, -1, 1, -1, -1, -1, 1]
carryon	-1.0	[-1, -1, -1, -1]
depart	-1.0	[-1, -1, -1, -1, -1, -1, -1, -1, -1]
weigh	-0.75	[-1, -1, -1, 0]
return	-0.6595744680851063	[-1, -1, -1, -1, -1, -1, -1, -1, -1, -1, -1, 1, -1, 1, -1, -1, -1, 1, 1, 1, -1, 1, -1, -1, -1, -1, -1, -1, -1, -1, -1, -1, -1, -1, -1, -1, -1, -1, -1, -1, -1, -1, -1, 1, -1, 1, -1]
bin	-1.0	[-1, -1, -1]
size	-0.7777777777777778	[-1, -1, -1, 1, -1, -1, -1, -1, -1]
fit	-0.2	[-1, -1, -1, 1, 1]
big	-0.5555555555555556	[-1, 1, -1, -1, -1, -1, -1, -1, 1, -1, -1, -1, 1, -1, 1, -1, -1, -1]
tightlybut	-1.0	[-1]
need	-0.7391304347826086	[-1, 1, -1, -1, -1, -1, -1, -1, -1, 1, -1, -1, -1, -1, 1, -1, -1, -1, -1, -1, -1, -1, -1, -1, -1, -1, -1, -1, -1, -1, -1, -1, 1, -1, -1, -1, -1, -1, 1, -1, -1, -1, -1, -1, -1, -1, -1, -1, -1, 1, 1, -1, -1, -1, -1, -1, -1, -1, -1, -1, -1, -1, -1, -1, -1, -1, 1, 1, -1]
clothe	-1.0	[-1, -1, -1, -1, -1]
case	-1.0	[-1, -1, -1, -1]
lose	-0.9090909090909091	[-1, -1, -1, -1, -1, -1, -1, -1, -1, -1, -1, 1, -1, -1, -1, -1, -1, -1, -1, -1, -1, -1]
hold	-1.0	[-1, -1, -1, -1, -1, -1, -1, -1]
let	-0.4	[-1, -1, 1, -1, -1, -1, -1, -1, 1, 1]
red	-1.0	[-1, -1]
flag	-1.0	[-1, -1]
send	-0.6	[-1, -1, -1, -1, 1, -1, -1, -1, 1, -1]
note	-0.3333333333333333	[-1, -1, 1]
know	-0.4444444444444444	[1, -1, -1, -1, -1, -1, -1, 1, -1, 1, -1, 1, 1, -1, -1, -1, -1, 1, -1, 1, -1, -1, -1, 1, -1, -1, 1, -1, -1, -1, -1, -1, -1, -1, 1, -1]
feel	-0.6875	[-1, -1, -1, 1, -1, -1, 1, -1, -1, -1, -1, -1, -1, -1, -1, -1, -1, -1, -1, -1, -1, 1, -1, -1, -1, -1, 1, -1, 1, -1, -1, -1]
sneaky	-1.0	[-1]
leave	-0.7419354838709677	[1, -1, -1, -1, -1, -1, -1, -1, -1, -1, 1, -1, -1, -1, -1, -1, -1, -1, -1, -1, -1, -1, -1, -1, -1, -1, -1, -1, 1, -1, 1]
comfortable	0.0625	[-1, -1, -1, -1, -1, 1, 1, 1, 1, 1, -1, -1, 1, 1, 1, 1, -1, 1, 1, -1, 1, -1, -1, 1, -1, -1, -1, 1, 1, 1, 1, -1]
test	-0.5454545454545454	[-1, -1, -1, -1, -1, -1, -1, 1, -1, 1, 1, -1, -1, -1, -1, -1, -1, 1, -1, -1, -1, 1]
preference	-1.0	[-1]
ticket	-0.6551724137931034	[-1, -1, -1, 1, -1, -1, -1, 1, -1, -1, -1, -1, -1, -1, -1, -1, -1, -1, -1, 1, -1, -1, -1, -1, -1, -1, 1, 1, -1]
holder	-1.0	[-1]
boarding	-0.855072463768116	[-1, -1, -1, -1, -1, -1, -1, -1, -1, -1, -1, -1, -1, -1, -1, -1, -1, -1, -1, -1, -1, -1, -1, 1, -1, -1, -1, -1, -1, -1, -1, -1, -1, -1, -1, 1, -1, -1, -1, -1, -1, -1, -1, -1, -1, -1, -1, -1, -1, -1, -1, -1, -1, -1, -1, -1, -1, -1, -1, -1, -1, 1, -1, -1, -1, -1, 1, -1, 1]
separate	-0.2	[-1, 1, 1, -1, -1]
line	-0.9574468085106383	[-1, -1, -1, -1, -1, -1, -1, -1, -1, -1, -1, -1, -1, -1, -1, -1, -1, -1, -1, -1, -1, -1, -1, -1, -1, -1, -1, -1, -1, -1, -1, -1, -1, -1, -1, -1, -1, -1, -1, -1, -1, -1, -1, -1, 1, -1, -1]
group	-0.6	[-1, -1, -1, 1, -1]
bus	-0.7	[-1, -1, -1, -1, -1, -1, -1, -1, 1, 1, -1, -1, -1, -1, -1, -1, 1, -1, -1, -1]
give	1.0	[1, 1, 1, 1, 1, 1, 1, 1, 1]
confusion	-0.6666666666666666	[-1, -1, -1, -1, -1, 1]
terminal	-0.8333333333333334	[-1, -1, -1, -1, -1, -1, -1, -1, -1, -1, 1, -1]
clear	0.2222222222222222	[1, 1, -1, -1, -1, 1, 1, -1, 1, -1, 1, 1, 1, -1, -1, 1, 1, 1]
aside	-1.0	[-1]
original	-0.75	[-1, -1, 1, -1, -1, -1, -1, -1]
email	-1.0	[-1, -1, -1, -1, -1, -1, -1, -1, -1, -1, -1, -1, -1, -1]
notification	-1.0	[-1, -1]
prior	-0.9166666666666666	[-1, -1, -1, -1, 0, -1, -1, -1, -1, -1, -1, -1]
obscure	-1.0	[-1]
little	-0.7333333333333333	[-1, -1, -1, -1, -1, 1, -1, -1, -1, 1, -1, -1, -1, -1, -1]
seating	-0.6363636363636364	[-1, -1, -1, -1, -1, 1, -1, -1, -1, 1, -1]
Most	-1.0	[-1, -1, -1, -1]
sit	-0.5	[-1, -1, 1, -1, -1, 1, 1, 1, 1, -1, -1, 1, -1, -1, -1, -1, -1, -1, 1, -1, -1, -1, -1, -1, -1, -1, -1, -1]
floor	-1.0	[-1, -1, -1]
consider	-0.2727272727272727	[-1, -1, 1, -1, -1, 1, 1, -1, -1, 1, -1]
destination	-0.8461538461538461	[-1, -1, 1, -1, -1, -1, -1, -1, -1, -1, -1, -1, -1]
pillow	-1.0	[-1, -1]
blanket	-1.0	[-1, -1, -1, -1]
amenity	-0.6	[-1, -1, -1, -1, 1]
general	-0.3333333333333333	[-1, -1, 1]
nonstop	-1.0	[-1, -1]
home	-0.5	[-1, -1, -1, -1, -1, 1, 1, -1, -1, 1, -1, -1]
visit	-0.25	[-1, 1, -1, -1, -1, 1, 1, -1]
family	-0.2857142857142857	[-1, 1, -1, -1, 1, -1, 1, -1, -1, -1, 1, -1, 1, -1]
layover	-0.3333333333333333	[-1, 1, -1, -1, 1, -1, 1, 1, -1, -1, -1, -1]
chaos	-1.0	[-1, -1, -1, -1]
relate	-1.0	[-1, -1, -1, -1]
weather	-0.2	[-1, 1, -1, -1, -1, 1, -1, 1, -1, -1, -1, -1, 1, 1, 1]
change	-0.6666666666666666	[-1, -1, -1, -1, -1, -1, 1, -1, -1, 1, -1, -1, -1, -1, -1, -1, -1, -1, -1, 1, -1, 1, -1, -1, -1, -1, -1, 1, -1, -1, -1, -1, -1, -1, -1, 1, -1, -1, -1, -1, -1, -1, -1, -1, -1, -1, -1, -1, -1, -1, -1, -1, -1, 1, 1, 1, -1, -1, -1, 1, 1, -1, -1, -1, -1, -1]
checkinboarding	-1.0	[-1]
process	-0.47368421052631576	[-1, -1, -1, -1, -1, -1, -1, 1, 1, -1, -1, -1, 1, -1, -1, 1, -1, -1, 1, -1, -1, -1, 1, -1, -1, -1, -1, 1, -1, -1, -1, -1, 1, -1, 1, -1, -1, 1]
begin	-1.0	[-1, -1, -1, -1]
communicate	-0.45454545454545453	[-1, -1, -1, -1, 1, 1, -1, -1, 1, -1, -1]
poorly	-1.0	[-1, -1, -1, -1, -1]
uncomfortably	-1.0	[-1]
pair	-1.0	[-1, -1]
service	-0.2222222222222222	[-1, 1, 1, -1, -1, -1, -1, 1, 1, 1, -1, -1, 1, -1, 1, -1, -1, -1, -1, -1, -1, -1, -1, -1, -1, -1, 1, -1, -1, 1, 1, 1, 1, 1, 1, 1, -1, -1, -1, -1, -1, 1, -1, -1, 1, -1, 1, -1, 1, 1, 1, -1, -1, -1, -1, -1, 1, 1, -1, -1, 1, 1, -1, -1, -1, -1, -1, 1, -1, -1, -1, 1, -1, 1, -1, -1, 1, -1, -1, 1, 1, -1, -1, 1, -1, -1, 1, -1, 1, 1]
miserable	-1.0	[-1, -1, -1]
use	-0.5172413793103449	[-1, -1, 1, -1, -1, -1, 1, -1, 1, -1, 1, -1, 1, 1, -1, -1, -1, 1, -1, -1, -1, -1, -1, -1, -1, -1, -1, -1, -1, -1, 1, 1, -1, -1, -1, -1, -1, -1, -1, -1, -1, -1, -1, -1, 1, -1, -1, 1, -1, -1, -1, -1, 1, -1, -1, 1, 1, -1]
app	-0.7142857142857143	[-1, -1, -1, 1, -1, -1, -1]
awful	-1.0	[-1, -1, -1, -1, -1, -1, -1, -1, -1, -1, -1, -1]
long	-0.8904109589041096	[-1, -1, -1, -1, -1, -1, -1, -1, -1, -1, -1, -1, -1, -1, -1, -1, -1, 1, -1, -1, -1, -1, -1, -1, -1, -1, -1, -1, -1, -1, -1, -1, -1, -1, -1, -1, -1, -1, -1, -1, -1, -1, -1, -1, 1, -1, -1, -1, -1, -1, -1, -1, -1, -1, -1, -1, 1, -1, 1, -1, -1, -1, -1, -1, -1, -1, -1, -1, -1, -1, -1, -1, -1]
sell	0.0	[-1, -1, 1, 1]
aisle	-0.8571428571428571	[-1, -1, -1, -1, -1, -1, -1, -1, -1, 1, -1, -1, -1, -1]
clog	-1.0	[-1]
plastic	-1.0	[-1]
ware	-1.0	[-1]
hard	-0.7777777777777778	[1, -1, -1, -1, -1, -1, -1, -1, -1]
rest	-0.42857142857142855	[-1, 1, 1, -1, -1, -1, -1]
distance	-0.6	[-1, -1, -1, -1, -1, -1, -1, 1, 1, -1]
small	-0.45454545454545453	[-1, 1, -1, -1, -1, -1, -1, -1, -1, -1, -1, -1, -1, -1, -1, 1, -1, -1, 1, 1, 1, -1, -1, 1, -1, -1, -1, 1, 1, -1, -1, -1, 1]
compare	0.0	[-1, 1]
entertainment	-0.5862068965517241	[-1, -1, -1, -1, 1, -1, -1, -1, -1, 1, -1, -1, -1, -1, -1, -1, -1, -1, 1, 1, 1, -1, -1, -1, -1, -1, -1, 1, -1]
limit	-1.0	[-1, -1, -1]
space	-0.8571428571428571	[-1, -1, -1, -1, -1, 1, -1, -1, -1, -1, -1, -1, -1, -1]
person	-0.375	[-1, -1, 1, -1, 1, -1, -1, 1, -1, -1, -1, 1, -1, -1, -1, 1]
obese	-1.0	[-1]
woman	-0.2	[-1, -1, -1, 1, 1]
assign	-0.5	[-1, 1, -1, -1]
ruin	-1.0	[-1, -1, -1, -1]
pick	-0.5	[-1, 1, -1, -1, -1, 1, -1, -1]
customer	-0.7777777777777778	[-1, -1, -1, 1, -1, -1, -1, -1, -1, -1, -1, -1, -1, -1, -1, -1, -1, 1, -1, -1, -1, 1, -1, -1, -1, -1, -1]
want	-0.23809523809523808	[1, 1, -1, 1, 1, -1, -1, 1, -1, -1, -1, -1, 1, -1, 1, -1, -1, -1, -1, 1, -1]
pay	-0.8133333333333334	[-1, -1, -1, -1, -1, -1, -1, -1, -1, -1, -1, -1, 1, -1, -1, 1, -1, -1, 1, -1, -1, -1, -1, -1, -1, -1, -1, -1, 1, -1, -1, -1, -1, -1, -1, -1, 1, 1, -1, -1, -1, -1, -1, -1, -1, -1, -1, -1, -1, -1, -1, -1, -1, -1, -1, -1, -1, -1, 1, -1, -1, -1, -1, -1, -1, -1, -1, -1, -1, -1, -1, -1, -1, -1, -1]
selection	-1.0	[-1, -1, -1, -1, -1, -1, -1, -1, -1, -1]
peanut	-1.0	[-1, -1]
domestic	-1.0	[-1, -1, -1, -1]
control	-0.45454545454545453	[1, 1, -1, -1, -1, 1, -1, -1, -1, -1, 1, -1, -1, -1, -1, -1, -1, 1, -1, -1, -1, 1]
arrival	-0.3333333333333333	[1, -1, -1, 1, -1, -1, -1, 1, -1]
operation	-0.3333333333333333	[1, -1, -1]
touch	-0.6	[1, -1, -1, -1, -1]
point	-0.6666666666666666	[1, -1, -1, -1, -1, -1, -1, -1, -1, -1, -1, 1]
air	-0.3076923076923077	[1, -1, -1, -1, -1, -1, -1, -1, 1, 1, -1, -1, -1, -1, 1, -1, -1, 1, -1, -1, 1, 1, -1, -1, 1, 1]
pleasure	1.0	[1]
reykjavik	0.0	[1, -1]
pleasurable	1.0	[1]
journey	-0.2	[1, -1, -1, -1, 1, -1, -1, 1, -1, -1, 1, -1, 1, 1, -1]
high	-0.6	[1, -1, 1, -1, -1, -1, -1, -1, -1, -1]
stress	-0.5714285714285714	[1, -1, -1, 1, -1, -1, -1, -1, -1, -1, -1, -1, 1, -1]
arrive	-0.42857142857142855	[1, -1, -1, 1, -1, -1, -1, -1, -1, -1, -1, -1, 1, -1, 1, 1, -1, -1, -1, -1, -1, -1, -1, 1, -1, -1, -1, -1, 1, 1, -1, -1, -1, -1, -1, -1, -1, -1, -1, -1, -1, -1, 1, 1, -1, 1, 1, 1, 1]
stop	-0.3333333333333333	[1, -1, -1, -1, -1, -1, 1, -1, 1]
prioritise	1.0	[1]
enjoy	0.6923076923076923	[1, 1, 1, 1, 1, -1, 1, 1, 1, 1, 1, 1, -1]
recommend	0.6470588235294118	[1, 1, -1, 1, 1, -1, 1, 1, 1, 1, 1, 1, 1, 1, -1, 1, 1]
thank	0.6379310344827587	[1, 1, 0, 1, 1, 1, 1, 1, 1, 1, 1, 1, 1, 1, 1, -1, 1, 1, 1, 1, 1, -1, 1, 1, -1, 1, 1, 1, 1, 1, -1, 1, -1, 1, 1, 1, -1, 1, 1, 1, 1, 1, -1, 1, 1, 1, 1, -1, 1, -1, 1, 1, 1, -1, 1, 1, 1, 1]
world	-0.3333333333333333	[1, -1, -1]
inform	-0.4	[1, -1, -1, 1, -1, -1, -1, 1, -1, -1]
fact	-1.0	[-1, -1, -1, -1]
unvaccinated	-1.0	[-1]
residence	-1.0	[-1, -1]
negative	-1.0	[-1, -1, -1, -1, -1, -1, -1, -1, -1, -1]
prove	0.0	[-1, 1]
write	-1.0	[-1, -1]
icelandair	-0.23529411764705882	[1, -1, 1, -1, 1, -1, -1, -1, -1, -1, -1, -1, 1, -1, 1, 1, 1, -1, 1, -1, -1, 1, -1, -1, -1, 1, -1, -1, 1, -1, -1, 1, 1, -1]
solid	0.0	[1, -1]
job	0.23076923076923078	[1, -1, -1, 1, -1, -1, 1, 1, 1, -1, 1, 1, 1]
covid	-0.2	[1, -1, -1, 1, -1, 1, -1, -1, -1, 1, -1, -1, -1, 1, -1, -1, -1, 1, -1, 1, -1, -1, 1, 1, 1]
guideline	1.0	[1]
extra	-0.5454545454545454	[-1, -1, -1, -1, -1, -1, -1, -1, 1, 1, 1, -1, 1, -1, -1, -1, -1, 1, -1, -1, -1, 1, -1, -1, -1, -1, -1, -1, 1, -1, 1, -1, -1, -1, -1, -1, -1, 1, -1, 1, -1, -1, -1, -1]
refund	-1.0	[-1, -1, -1, -1, -1, -1, -1, -1, -1, -1, -1, -1]
upgradealso	-1.0	[-1]
allow	0.043478260869565216	[1, -1, 1, 1, 1, -1, -1, -1, 1, -1, -1, -1, -1, -1, 1, -1, 1, 1, -1, 1, 1, 1, 1]
club	-1.0	[-1, -1]
business	-0.8095238095238095	[-1, -1, -1, -1, -1, 1, -1, -1, -1, -1, -1, -1, 1, -1, -1, -1, -1, -1, -1, -1, -1]
legroom	-0.6363636363636364	[-1, -1, 1, -1, -1, -1, -1, -1, -1, 1, -1]
compete	-1.0	[-1]
jumbo	-1.0	[-1]
jet	-1.0	[-1, -1, -1, -1, -1, -1]
choice	-1.0	[-1, -1, -1, -1, -1, -1, -1]
economy	-0.2857142857142857	[-1, -1, -1, -1, -1, 1, 1, -1, -1, 1, 1, 1, -1, -1]
efficient	1.0	[1, 1, 1, 1, 1, 1, 1, 1, 1, 1, 1, 1, 1, 1, 1]
easy	0.48148148148148145	[1, 1, 1, 1, 1, 1, -1, 1, 1, -1, 1, 1, 1, -1, 1, 1, 1, 1, -1, 1, -1, -1, 1, 1, 1, -1, 1]
travel	-0.1111111111111111	[1, -1, -1, 1, 1, 1, 1, -1, -1, -1, 1, -1, -1, 1, -1, -1, -1, 1, 1, 1, 1, -1, 1, 1, -1, -1, 1, 1, 1, -1, 1, -1, 1, -1, -1, -1, -1, -1, 1, 1, -1, -1, -1, 1, -1, -1, -1, -1, -1, 1, -1, -1, 1, 1, 1, -1, -1, -1, 1, -1, 1, -1, 1, -1, -1, -1, 1, 1, -1, 1, 1, -1]
coach	-1.0	[-1, -1, -1, -1]
hope	-0.45454545454545453	[-1, -1, 1, -1, -1, 1, -1, 1, -1, -1, -1]
past	-1.0	[-1, -1, -1, -1]
iswa	-1.0	[-1]
14th	-1.0	[-1]
trip	-0.65	[-1, -1, -1, -1, -1, 1, -1, -1, -1, 1, -1, -1, 1, -1, -1, -1, -1, -1, -1, -1, -1, -1, -1, -1, -1, 1, -1, -1, -1, -1, 1, 1, -1, -1, -1, -1, -1, -1, -1, 1]
vibe	-1.0	[-1]
flair	-1.0	[-1]
frown	-1.0	[-1]
sad	-1.0	[-1, -1, -1]
angry	-1.0	[-1, -1, -1, -1, -1]
pout	-1.0	[-1]
spend	-0.5384615384615384	[1, -1, -1, -1, -1, -1, -1, 1, -1, -1, 1, -1, -1]
day	-0.7037037037037037	[1, -1, -1, -1, 1, -1, -1, 1, -1, -1, -1, -1, -1, -1, -1, -1, -1, 1, -1, -1, -1, -1, -1, -1, -1, -1, -1]
extraordinary	1.0	[1, 1]
helpfulness	1.0	[1]
try	-0.7333333333333333	[1, -1, -1, -1, -1, -1, -1, -1, -1, -1, -1, -1, -1, -1, 1]
pleasant	0.3333333333333333	[1, 1, 1, 1, 1, -1, 1, 1, 1, -1, -1, -1, 1, 1, 1, 1, -1, 1, -1, 1, 1, 1, 1, -1, -1, -1, 1]
accommodate	0.6	[1, 1, 1, 1, -1]
frustrating	-1.0	[-1, -1, -1, -1, -1, -1, -1, -1, -1, -1]
aircraft	-0.5555555555555556	[-1, -1, -1, 1, -1, -1, -1, -1, 1]
result	-0.8823529411764706	[-1, -1, -1, -1, -1, -1, -1, -1, -1, -1, -1, -1, -1, -1, -1, -1, 1]
squish	-1.0	[-1]
instead	-0.5384615384615384	[-1, -1, 1, 1, -1, -1, -1, -1, 1, -1, -1, -1, -1]
overhead	-0.7777777777777778	[-1, -1, -1, 1, -1, -1, -1, -1, -1]
personal	-1.0	[-1, -1, -1, -1, -1, -1]
item	-0.7777777777777778	[-1, -1, -1, -1, 1, -1, -1, -1, -1]
enforce	1.0	[1, 1, 1, 1, 1]
baggage	-0.8620689655172413	[-1, -1, -1, -1, -1, -1, -1, -1, -1, 1, -1, -1, -1, -1, -1, -1, -1, 1, -1, -1, -1, -1, -1, -1, -1, -1, -1, -1, -1]
problem	-0.7272727272727273	[-1, -1, -1, -1, 1, 1, -1, -1, -1, -1, -1, -1, -1, -1, -1, -1, -1, -1, -1, -1, 1, -1]
far	-0.6923076923076923	[-1, -1, -1, -1, -1, -1, -1, 1, -1, -1, 1, -1, -1]
away	-1.0	[-1, -1, -1, -1, -1]
d	-0.6666666666666666	[-1, 1, -1, -1, -1, -1]
order	-0.8333333333333334	[-1, -1, 1, -1, -1, -1, -1, -1, -1, -1, -1, -1]
row	-0.6470588235294118	[-1, 1, -1, -1, 1, -1, -1, -1, -1, -1, -1, -1, 1, -1, -1, -1, -1]
thelp	-1.0	[-1]
start	-0.8571428571428571	[-1, -1, 1, -1, -1, -1, -1, -1, -1, -1, -1, -1, -1, -1]
rush	-1.0	[-1, -1, -1, -1, -1]
state	-1.0	[-1, -1, -1, -1, -1, -1, -1, -1, -1]
tell	-0.6888888888888889	[-1, -1, -1, -1, 1, -1, -1, 1, -1, -1, -1, 1, -1, -1, -1, -1, -1, -1, 1, -1, -1, -1, -1, -1, -1, -1, -1, -1, -1, -1, -1, -1, -1, -1, 1, -1, -1, -1, -1, 0, -1, 0, -1, -1, 1]
additional	-0.875	[-1, -1, -1, -1, -1, -1, 1, -1, -1, -1, -1, -1, -1, -1, -1, -1]
money	-1.0	[-1, -1, -1, -1, -1, -1, -1, -1, -1, -1]
fee	-1.0	[-1, -1, -1, -1, -1, -1, -1, -1]
originally	-1.0	[-1, -1, -1]
taxi	-1.0	[-1, -1, -1, -1]
testing	0.2	[-1, -1, 1, 1, 1]
center	-1.0	[-1, -1, -1, -1, -1, -1, -1]
huge	-1.0	[-1, -1, -1, -1, -1, -1]
sure	-0.38461538461538464	[-1, -1, -1, 1, -1, 1, 1, -1, -1, -1, -1, 1, -1]
folk	-0.5	[-1, -1, -1, 1]
proper	-1.0	[-1, -1, -1, -1, -1]
required	-1.0	[-1]
document	-0.8	[-1, -1, -1, -1, -1, -1, -1, -1, -1, 1]
understand	-0.2727272727272727	[-1, -1, -1, 1, 1, 1, -1, -1, 1, -1, -1, 1, -1, 1, -1, -1, 1, -1, 1, -1, -1, -1]
difference	-0.6	[-1, -1, -1, 1, -1]
citizenship	-1.0	[-1]
end	-0.7142857142857143	[-1, -1, -1, -1, -1, 1, -1, -1, -1, 1, -1, -1, -1, -1, -1, -1, -1, -1, -1, -1, 1]
carry	-0.6666666666666666	[-1, -1, -1, -1, 1, -1, -1, -1, 1, 1, -1, -1, -1, -1, -1, -1, -1, -1]
reason	-0.6363636363636364	[-1, -1, -1, -1, -1, -1, -1, 1, -1, -1, 1]
least	1.0	[1]
water	-0.6666666666666666	[-1, -1, -1, -1, -1, 1, -1, -1, -1, 1, -1, -1, -1, -1, 1, -1, -1, -1]
care	0.29411764705882354	[1, -1, 1, -1, -1, 1, 1, 1, 1, 1, 1, -1, 1, -1, 1, 1, -1]
us️️	1.0	[1]
️	1.0	[1]
appreciate	0.6923076923076923	[-1, 1, -1, 1, 1, 1, 1, 1, 1, 1, 1, 1, 1]
get	0.7894736842105263	[1, -1, 1, 1, 1, 1, 1, 1, 1, 1, 1, -1, 1, 1, 1, 1, 1, 1, 1]
staff	0.29411764705882354	[-1, -1, 1, 1, 1, 1, -1, -1, 1, 1, 1, 1, 1, -1, 1, 1, 1, -1, 1, -1, 1, -1, -1, 1, 1, -1, -1, 1, 1, 1, -1, 1, -1, -1, 1, 1, 1, -1, -1, 1, -1, -1, 1, 1, 1, -1, 1, 1, 1, -1, 1, -1, 1, 1, -1, -1, -1, 1, 1, 1, -1, 1, 1, 1, -1, 1, 1, 1, -1, 1, 1, 1, 1, 1, 1, 1, -1, 1, 1, 1, 1, -1, -1, 1, 1]
friendly	0.6078431372549019	[-1, 1, 1, 1, -1, 1, 1, 1, 1, -1, 1, -1, 1, 1, -1, 1, 1, 1, 1, 1, 1, 1, 1, 1, 1, -1, 1, 1, 1, 1, 1, 1, 1, 1, -1, 1, -1, -1, 1, 1, 1, -1, 1, 1, 1, 1, 1, 1, 1, 1, 1]
approachable	-1.0	[-1, -1]
provide	-0.391304347826087	[-1, -1, -1, 1, -1, -1, -1, 1, -1, 1, 1, -1, 1, -1, -1, -1, -1, -1, -1, 1, -1, 1, -1]
phone	-0.7647058823529411	[-1, -1, -1, -1, -1, -1, -1, -1, -1, -1, -1, -1, 1, -1, -1, 1, -1]
deal	-1.0	[-1, -1, -1, -1, -1, -1, -1, -1]
total	-1.0	[-1, -1, -1, -1, -1, -1, -1]
train	-1.0	[-1, -1, -1]
subpar	-1.0	[-1]
final	-0.75	[-1, -1, -1, -1, -1, 1, -1, -1]
confound	-1.0	[-1]
blemish	-1.0	[-1]
spotless	-1.0	[-1]
image	-1.0	[-1, -1]
concern	-1.0	[-1, -1, -1, -1]
response	-1.0	[-1, -1, -1, -1]
watch	-0.6363636363636364	[-1, -1, -1, -1, 1, 1, -1, -1, -1, -1, -1]
hotel	-0.6666666666666666	[-1, -1, 1, -1, -1, -1]
mean	-0.7333333333333333	[-1, -1, -1, -1, -1, -1, -1, -1, 1, 1, -1, -1, -1, -1, -1]
reservation	-1.0	[-1, -1, -1, -1]
blue	-1.0	[-1, -1]
lagoon	-1.0	[-1]
lodge	-1.0	[-1]
night	-1.0	[-1, -1, -1, -1, -1, -1, -1, -1, -1, -1]
usd	-1.0	[-1, -1, -1]
door	-0.25	[-1, 1, -1, -1, 1, 1, -1, -1]
open	-0.26666666666666666	[-1, 1, 1, 1, 1, 1, -1, -1, -1, -1, 1, 1, -1, 1, -1, -1, -1, -1, -1, 1, -1, 1, -1, -1, -1, 1, -1, -1, -1, -1]
following	-1.0	[-1, -1]
husband	-0.7142857142857143	[-1, -1, -1, -1, -1, -1, 1]
halfway	-1.0	[-1, -1]
buy	-0.9166666666666666	[-1, -1, -1, -1, -1, -1, -1, -1, -1, -1, -1, -1, 1, -1, -1, -1, -1, -1, -1, -1, -1, -1, -1, -1]
appropriate	-1.0	[-1, -1, -1]
clothing	-1.0	[-1]
land	-0.6923076923076923	[-1, -1, -1, -1, -1, -1, -1, 1, -1, -1, -1, -1, 1]
participate	-1.0	[-1]
outdoor	-1.0	[-1]
activity	-1.0	[-1]
expensive	-1.0	[-1, -1, -1, -1, -1, -1, -1, -1, -1]
decent	-0.6	[-1, -1, -1, -1, 1]
dinner	0.0	[-1, 1]
addition	-1.0	[-1, -1]
overnight	-1.0	[-1, -1, -1, -1]
pm	-1.0	[-1, -1]
crowded	-0.3333333333333333	[1, -1, -1]
old	-0.6	[-1, -1, 1, -1, -1, 1, 1, -1, -1, -1, -1, -1, -1, -1, -1]
technology	-1.0	[-1, -1]
recline	-0.125	[-1, 1, 1, -1, 1, -1, -1, -1, 1, -1, 1, -1, 1, 1, -1, -1]
cancel	-0.7419354838709677	[-1, -1, 1, 1, -1, -1, -1, -1, -1, -1, 1, -1, -1, -1, -1, -1, -1, 1, -1, -1, -1, -1, -1, -1, -1, -1, -1, -1, -1, -1, -1]
second	-0.75	[-1, -1, -1, -1, -1, -1, 1, -1]
month	0.3333333333333333	[-1, 1, 1]
reschedule	-1.0	[-1, -1]
different	-0.45454545454545453	[-1, -1, -1, 1, -1, -1, -1, 1, 1, -1, -1, -1, 1, -1, -1, -1, -1, 1, -1, -1, 1, -1]
cancellation	-1.0	[-1, -1]
representative	-1.0	[-1, -1, -1, -1]
speak	-0.2727272727272727	[-1, -1, 1, -1, -1, -1, -1, 1, -1, 1, 1]
multiple	-0.75	[-1, -1, -1, -1, -1, 1, -1, -1]
occasion	-0.3333333333333333	[-1, 1, -1]
helpful	0.75	[1, 1, 1, -1, 1, 1, -1, 1, 1, 1, 1, 1, 1, -1, 1, 1, 1, 1, 1, 1, -1, 1, 1, -1, 1, 1, 1, 1, 1, 1, 1, 1, 1, 1, 1, 1, 1, 1, 1, 1]
purchase	-1.0	[-1, -1, -1, -1, -1, -1, -1, -1, -1, -1, -1, -1, -1, -1, -1, -1]
transferrable	1.0	[1]
wish	-0.45454545454545453	[-1, 1, -1, -1, -1, -1, -1, 1, -1, -1, 1]
temperature	-1.0	[-1, -1, -1, -1, -1, -1, -1, -1, -1, -1]
warm	-1.0	[-1, -1, -1, -1, -1, -1, -1, -1, -1]
evidence	-1.0	[-1]
undertake	-1.0	[-1, -1]
new	-0.6190476190476191	[-1, -1, 1, -1, -1, 1, 1, -1, -1, -1, -1, -1, -1, -1, -1, -1, -1, -1, -1, -1, 1]
chaotic	-1.0	[-1, -1, -1, -1, -1]
coordinate	-1.0	[-1]
cue	-1.0	[-1]
paperwork	-1.0	[-1, -1, -1, -1]
electronic	1.0	[1]
card	-1.0	[-1, -1, -1, -1, -1, -1]
paper	-1.0	[-1]
understandably	-1.0	[-1]
require	-0.45454545454545453	[-1, -1, -1, -1, -1, -1, -1, 1, 1, -1, 1]
wear	-0.4	[-1, -1, 1, -1, -1, -1, -1, -1, 1, 1]
face	0.0	[-1, 1, 1, -1, -1, 1, -1, 1, 1, -1]
increase	0.0	[-1, 1]
body	-1.0	[-1, -1]
unbearable	-1.0	[-1]
happy	0.5714285714285714	[1, 1, -1, 1, -1, 1, 1, -1, 1, 1, 1, 1, 1, 1]
fine	-0.7777777777777778	[-1, -1, 1, -1, -1, -1, -1, -1, -1]
information	-0.75	[-1, -1, -1, -1, 1, -1, -1, -1, -1, -1, 1, -1, -1, -1, -1, -1, -1, -1, -1, -1, -1, 1, -1, -1]
difficulty	-1.0	[-1, -1]
stay	-0.09090909090909091	[-1, -1, -1, 1, 1, 1, -1, -1, 1, -1, 1]
hydrated	-1.0	[-1]
fault	-0.1111111111111111	[-1, 1, 1, -1, -1, 1, -1, 1, -1]
bottle	-1.0	[-1]
accustom	-1.0	[-1]
crew	0.0	[1, -1, -1, 1, -1, -1, 1, 1, 1, 1, -1, 1, 1, -1, 1, -1, -1, -1, 1, 1, -1, -1, 1, -1, -1, -1, -1, 1, 1, 1, 1, -1, 1, -1, -1, 1, -1, 1]
airplane	-0.4666666666666667	[1, -1, -1, -1, -1, 1, 1, -1, -1, -1, -1, -1, -1, 1, -1]
even	0.8947368421052632	[-1, 1, 1, 1, 1, 1, 1, 1, 1, 1, 1, 1, 1, 1, 1, 1, 1, 1, 1]
companion	-1.0	[-1, -1]
terrible	-0.8888888888888888	[-1, -1, -1, -1, -1, 1, -1, -1, -1, -1, -1, -1, -1, -1, -1, -1, -1, -1]
term	-0.3333333333333333	[-1, -1, 1]
timing	-1.0	[-1]
direction	-1.0	[-1, -1, -1, -1, -1, -1]
partner	-1.0	[-1, -1, -1, -1]
delay	-0.7272727272727273	[1, -1, -1, -1, -1, 1, -1, -1, -1, -1, -1, -1, 1, -1, 1, -1, -1, 1, -1, -1, -1, -1, -1, 1, -1, -1, -1, -1, -1, -1, -1, -1, -1, -1, -1, -1, -1, -1, -1, -1, -1, -1, -1, -1]
stressfull	-1.0	[-1]
transfer	-0.7037037037037037	[1, -1, -1, -1, -1, -1, 1, -1, -1, -1, -1, -1, -1, -1, -1, -1, -1, -1, -1, -1, -1, -1, -1, -1, 1, 1, -1]
transparent	1.0	[1]
kind	0.6190476190476191	[1, 1, 1, 1, 1, 1, -1, 1, 1, -1, 1, 1, 1, 1, -1, -1, 1, 1, 1, 1, 1]
professional	0.7142857142857143	[1, 1, 1, 1, 1, 1, 1, 1, 1, 1, 1, -1, 1, 1, 1, 1, 1, -1, 1, -1, 1]
daughter	0.3333333333333333	[1, -1, 1]
wonderful	0.5384615384615384	[1, 1, 1, 1, -1, -1, 1, 1, 1, 1, 1, -1, 1]
certain	0.0	[-1, 1, 1, -1]
observe	0.0	[1, -1]
lavatory	1.0	[1]
briefly	1.0	[1]
exactly	-0.3333333333333333	[1, -1, -1]
shut	-1.0	[-1]
cleanupif	1.0	[1]
impressive	1.0	[1]
clean	0.6	[-1, 1, 1, 1, 1, 1, 1, 1, -1, -1, 1, 1, 1, 1, 1]
guy	1.0	[1, 1]
super	0.45454545454545453	[1, -1, -1, 1, 1, 1, -1, 1, 1, 1, 1]
feedback	-0.3333333333333333	[1, -1, -1]
help	-0.07317073170731707	[1, -1, -1, 1, -1, -1, 1, 1, 1, -1, -1, 1, 1, 1, -1, -1, 1, -1, -1, -1, -1, -1, 1, -1, -1, 1, 1, -1, -1, -1, -1, 1, -1, -1, 1, 1, 1, -1, 1, 1, 1]
choose	0.3333333333333333	[1, 1, 1, 1, -1, 1, 1, -1, -1]
future	-0.2	[1, 1, -1, -1, 1, -1, -1, -1, 1, -1, 1, -1, -1, -1, 1]
suggestion	-1.0	[-1]
more	1.0	[1, 1, 1, 1, 1, 1]
authority	-1.0	[-1, -1, -1]
concourse	-1.0	[-1]
display	-1.0	[-1, -1]
passport	-0.7777777777777778	[-1, -1, -1, -1, 1, -1, -1, -1, -1, 1, -1, -1, -1, -1, -1, -1, -1, -1]
differentiate	-1.0	[-1]
organized	0.2	[-1, 1, -1, 1, 1]
premium	-0.6363636363636364	[-1, -1, -1, -1, 1, -1, -1, -1, -1, 1, -1]
fare	-1.0	[-1, -1, -1, -1, -1, -1]
regularly	1.0	[1, 1, 1, 1]
infant	-1.0	[-1]
uncomfortable	-1.0	[-1, -1, -1, -1, -1, -1, -1, -1, -1, -1, -1, -1, -1, -1, -1, -1, -1, -1, -1, -1, -1, -1, -1, -1, -1]
employee	0.0	[1, -1, -1, 1, 1, -1, 1, -1, -1, 1]
literally	-0.6	[1, -1, -1, -1, -1]
save	-0.3333333333333333	[1, -1, -1]
level	0.2	[1, 1, 1, -1, -1]
willing	0.2	[1, 1, -1, -1, 1]
answer	-0.5	[1, -1, -1, -1]
question	-0.75	[1, -1, -1, -1, -1, -1, -1, -1]
bring	-0.5	[1, -1, 1, 1, -1, -1, 1, -1, -1, -1, -1, -1, -1, -1, -1, -1]
attention	0.3333333333333333	[1, -1, 1]
safety	-0.5	[1, -1, -1, -1]
freeserved	-1.0	[-1]
regular	-0.6	[1, -1, -1, -1, -1]
accept	0.6	[1, -1, 1, 1, 1]
trust	1.0	[1]
navigate	0.2	[1, 1, 1, -1, -1]
extreme	0.3333333333333333	[1, -1, 1]
condition	0.0	[1, -1, -1, -1, 1, 1]
speaker	-1.0	[-1, -1, -1]
louder	-1.0	[-1]
pilot	-0.125	[-1, -1, 1, -1, 1, -1, -1, 1, 1, 1, -1, -1, 1, -1, -1, 1]
say	0.3333333333333333	[-1, 1, 1]
hand	-0.6363636363636364	[-1, -1, 1, -1, -1, -1, -1, -1, -1, -1, 1]
custom	-1.0	[-1, -1, -1, -1]
form	-0.7142857142857143	[-1, -1, -1, -1, -1, -1, 1]
complete	-1.0	[-1, -1, -1, -1]
mad	-1.0	[-1]
collect	-1.0	[-1, -1]
garbage	-1.0	[-1, -1]
lot	-0.4117647058823529	[-1, -1, -1, -1, 1, -1, -1, -1, -1, 1, -1, -1, 1, -1, -1, 1, 1]
stow	-1.0	[-1, -1, -1]
pocket	-1.0	[-1, -1]
informationwaite	-1.0	[-1]
hournever	-1.0	[-1]
dropgetting	-1.0	[-1]
manage	0.0	[-1, 1, -1, 1, -1, 1]
queue	-0.6923076923076923	[-1, -1, -1, -1, -1, -1, 1, -1, -1, -1, -1, 1, -1]
desk	-0.5238095238095238	[-1, -1, 1, -1, -1, 1, -1, -1, 1, -1, -1, -1, 1, -1, -1, -1, -1, -1, -1, -1, 1]
safe	-0.14285714285714285	[-1, -1, 1, -1, -1, 1, 1]
go	0.5	[1, -1, 1, 1]
cost	-1.0	[-1, -1, -1, -1, -1, -1, -1, -1, -1, -1, -1, -1, -1, -1, -1, -1, -1, -1]
real	-1.0	[-1, -1]
menu	-0.75	[-1, -1, -1, -1, 1, -1, -1, -1]
low	-1.0	[-1, -1, -1, -1]
price	-0.3333333333333333	[-1, -1, -1, -1, 1, -1, -1, 1, 1, -1, -1, 1]
cheap	-0.3333333333333333	[1, -1, -1]
badly	-1.0	[-1, -1, -1, -1]
organize	-0.3333333333333333	[-1, -1, -1, 1, 1, -1]
round	0.0	[1, -1, 1, -1]
alantic	-1.0	[-1]
just	0.6	[1, 1, -1, 1, 1]
pizza	-1.0	[-1, -1]
unable	-1.0	[-1, -1, -1, -1, -1, -1, -1, -1]
dietary	-1.0	[-1]
diabetic	-1.0	[-1, -1]
basis	-1.0	[-1]
silly	-1.0	[-1, -1]
landing	0.0	[-1, 1, -1, -1, 1, -1, 1, 1]
drop	-0.6	[-1, -1, 1, -1, -1, -1, -1, -1, -1, 1]
suddenly	-1.0	[-1, -1]
fall	-1.0	[-1, -1, -1, -1]
amusement	-1.0	[-1]
park	-1.0	[-1, -1]
scare	-1.0	[-1]
stomach	-1.0	[-1]
tight	-0.7142857142857143	[-1, -1, -1, 1, -1, -1, -1]
headphone	-1.0	[-1, -1, -1, -1, -1, -1, -1, -1, -1, -1, -1, -1, -1, -1, -1]
plugin	-1.0	[-1]
jack	-1.0	[-1]
type	-0.3333333333333333	[-1, -1, 1, -1, -1, 1]
year	-0.38461538461538464	[-1, -1, 1, -1, -1, 1, -1, -1, -1, 1, -1, -1, 1]
indicate	1.0	[1, 1]
audio	-1.0	[-1, -1]
quality	-0.7142857142857143	[-1, -1, -1, -1, 1, -1, -1]
unpleasant	-1.0	[-1, -1, -1, -1, -1]
have	0.6363636363636364	[1, -1, 1, 1, 1, 1, 1, -1, 1, 1, 1, 1, 1, -1, 1, 1, 1, 1, 1, 1, 1, 1, 1, 1, -1, 1, 1, 1, -1, 1, -1, 1, 1]
direct	-1.0	[-1, -1, -1, -1, -1, -1, -1]
shuttle	-0.6	[-1, -1, 1, -1, -1]
cold	-0.75	[-1, -1, -1, -1, -1, -1, -1, 1]
rain	-1.0	[-1, -1, -1]
signage	-1.0	[-1, -1, -1, -1, -1]
traveler	-0.6666666666666666	[-1, -1, -1, -1, -1, 1]
glass	-1.0	[-1, -1, -1, -1, -1]
charge	-0.7857142857142857	[-1, -1, 1, -1, -1, -1, -1, -1, -1, -1, 1, -1, -1, -1, -1, -1, -1, -1, -1, -1, -1, -1, -1, -1, -1, -1, 1, -1]
twice	-1.0	[-1, -1, -1, -1, -1, -1, -1, -1]
consumption	-1.0	[-1]
treat	0.0	[-1, 1, 1, -1]
unfairly	-1.0	[-1]
instance	-1.0	[-1]
realize	-0.2	[-1, -1, -1, 1, -1, -1, 1, 1, 1, -1]
coincidence	-1.0	[-1]
rude	-0.8181818181818182	[-1, -1, -1, -1, -1, -1, -1, -1, 1, -1, -1]
assistance	0.0	[-1, -1, -1, 1, 1, 1]
bathroom	-1.0	[-1, -1, -1, -1, -1, -1]
close	-0.7333333333333333	[-1, -1, -1, -1, 1, -1, -1, -1, -1, 1, -1, -1, -1, -1, -1]
moment	-1.0	[-1, -1, -1]
later	-0.8461538461538461	[-1, -1, -1, 1, -1, -1, -1, -1, -1, -1, -1, -1, -1]
hassel	-1.0	[-1]
picture	-1.0	[-1]
rudely	-1.0	[-1]
deny	-1.0	[-1, -1, -1, -1]
request	-0.5	[-1, 1, -1, -1, -1, -1, -1, 1]
memory	-1.0	[-1]
lastly	-1.0	[-1]
notify	-1.0	[-1, -1, -1]
agree	0.0	[1, -1]
lady	0.0	[1, -1, -1, -1, 1, -1, 1, 1]
prefer	0.0	[1, -1]
singe	1.0	[1]
remind	0.3333333333333333	[1, 1, -1]
boyfriend	1.0	[1]
discrimination	1.0	[1]
treatment	-0.3333333333333333	[1, -1, -1]
comparison	1.0	[1]
disappointed	-0.8333333333333334	[1, -1, -1, -1, -1, -1, -1, -1, -1, -1, -1, -1]
encourage	0.0	[1, -1]
slow	-1.0	[-1, -1, -1, -1, -1, -1, -1, -1, -1, -1]
mark	-0.3333333333333333	[1, -1, -1]
confused	-1.0	[-1]
mix	-1.0	[-1]
necessary	-0.14285714285714285	[-1, -1, 1, 1, -1, -1, 1]
child	-0.17647058823529413	[-1, 1, -1, -1, -1, -1, 1, 1, -1, -1, 1, 1, -1, -1, 1, -1, 1]
parent	0.0	[-1, 1]
desperate	1.0	[1]
bother	-1.0	[-1, -1]
counter	-0.75	[-1, -1, -1, -1, -1, 1, -1, -1]
government	-1.0	[-1, -1]
vaccination	-1.0	[-1, -1, -1]
fast	-0.2	[1, 1, 1, -1, -1, -1, -1, -1, 1, -1]
advance	-0.5	[-1, -1, 1, -1]
enough	1.0	[1, 1, 1, 1, 1, 1]
People	-0.6666666666666666	[-1, -1, -1, 1, -1, -1]
run	-0.6	[-1, -1, 1, -1, -1, -1, -1, -1, 1, -1]
security	-0.5454545454545454	[-1, -1, -1, 1, -1, -1, 1, -1, 1, 1, -1, -1, -1, -1, -1, -1, -1, -1, -1, -1, -1, 1]
brief	-1.0	[-1]
disaster	-1.0	[-1, -1]
fix	-0.14285714285714285	[-1, 1, -1, -1, 1, 1, -1]
soon	-0.3333333333333333	[-1, -1, 1]
offering	-1.0	[-1]
meat	-1.0	[-1]
popular	-1.0	[-1]
international	-0.625	[-1, 1, -1, -1, -1, -1, -1, -1, -1, -1, -1, 1, 1, -1, -1, -1]
dish	-1.0	[-1]
charcuterie	-1.0	[-1]
cheese	-1.0	[-1]
plate	-1.0	[-1]
coffee	-1.0	[-1, -1]
degree	-1.0	[-1]
heavy	-1.0	[-1]
wind	-0.5	[-1, 1, -1, 1, -1, -1, -1, -1]
deplane	-1.0	[-1, -1]
outside	-1.0	[-1, -1, -1, -1, -1]
element	-1.0	[-1]
short	-0.5	[-1, -1, 1, 1, -1, -1, -1, -1, 1, -1, -1, -1]
dangerous	-1.0	[-1, -1]
mainstream	-1.0	[-1]
equipment	-1.0	[-1, -1, -1]
handle	-0.5714285714285714	[-1, -1, -1, -1, 1, 1, -1, -1, -1, -1, -1, 1, -1, -1]
reseating	-1.0	[-1]
passanger	-1.0	[-1, -1, -1]
mishandle	-1.0	[-1, -1]
confusing	-1.0	[-1, -1, -1, -1]
fraught	-1.0	[-1]
mistake	-1.0	[-1]
fustrate	-1.0	[-1]
botched	-1.0	[-1]
rebooke	-0.8	[-1, -1, -1, 1, -1, -1, -1, -1, -1, -1]
757	-1.0	[-1]
preflight	-1.0	[-1, -1]
covid19	-1.0	[-1, -1, -1]
massive	-1.0	[-1, -1, -1]
panicked	-1.0	[-1]
situation	-1.0	[-1, -1, -1]
bar	-1.0	[-1, -1]
morning	-1.0	[-1, -1, -1, -1, -1, -1, -1, -1]
opening	-1.0	[-1, -1]
worried	0.0	[-1, 1]
miss	-0.7894736842105263	[-1, 1, -1, -1, -1, -1, -1, -1, -1, -1, -1, -1, -1, -1, -1, -1, -1, -1, 1]
book	-0.46153846153846156	[-1, -1, -1, 1, -1, -1, 1, -1, -1, -1, -1, 1, 1, -1, 1, -1, -1, 1, -1, -1, -1, 1, -1, -1, -1, -1]
ultimately	-1.0	[-1]
formal	-1.0	[-1]
complaint	-0.42857142857142855	[-1, 1, -1, 1, -1, -1, -1]
reclaim	-1.0	[-1, -1]
sum	-1.0	[-1]
major	-1.0	[-1, -1, -1]
disappointment	-1.0	[-1, -1, -1, -1, -1]
holiday	0.2	[-1, 1, 1, -1, 1]
rate	-1.0	[-1]
download	-1.0	[-1]
log	-1.0	[-1, -1]
section	0.0	[-1, 1, -1, 1]
particular	-1.0	[-1, -1]
report	-1.0	[-1, -1, -1, -1, -1]
actually	-0.3333333333333333	[1, 1, -1, -1, -1, -1]
slopped	-1.0	[-1]
metal	-1.0	[-1]
box	-0.3333333333333333	[-1, -1, 1]
meaning	0.0	[-1, 1]
middle	-1.0	[-1, -1, -1, -1, -1, -1]
partially	-1.0	[-1]
stick	-0.6666666666666666	[-1, -1, -1, -1, -1, 1]
incidentally	-1.0	[-1]
window	-1.0	[-1, -1, -1, -1, -1]
occupy	-1.0	[-1]
broken	-0.5	[-1, -1, 1, -1]
cast	-1.0	[-1]
haul	-1.0	[-1, -1, -1, -1, -1]
serve	-0.2	[-1, -1, -1, 1, 1, 1, 1, 1, 1, -1, 1, -1, -1, -1, 1, -1, -1, -1, -1, -1]
course	-1.0	[-1]
inflated	-1.0	[-1]
requirement	-0.7777777777777778	[-1, -1, -1, -1, -1, -1, 1, -1, -1]
entry	-1.0	[-1, -1, -1]
follow	-1.0	[-1, -1, -1, -1, -1]
rule	-1.0	[-1, -1, -1, -1, -1]
lay	-1.0	[-1, -1]
country	0.0	[-1, 1]
certificate	-1.0	[-1]
reasonable	-1.0	[-1]
imagine	-1.0	[-1]
shock	-1.0	[-1, -1]
horror	-1.0	[-1]
unchecked	1.0	[1]
upload	-1.0	[-1, -1, -1, -1, -1, -1, -1]
fail	-1.0	[-1]
attempt	-1.0	[-1, -1, -1, -1, -1]
copy	-1.0	[-1, -1]
assume	-1.0	[-1]
surprised	-0.5	[1, -1, -1, -1]
outgoing	-0.3333333333333333	[1, -1, -1]
receive	-0.7142857142857143	[-1, -1, 1, -1, -1, -1, -1, -1, -1, -1, -1, -1, -1, 1]
area	-0.5555555555555556	[-1, -1, -1, -1, -1, -1, 1, 1, -1]
freezing	-1.0	[-1]
historically	-1.0	[-1]
summary	-1.0	[-1]
cane	0.0	[-1, 1]
sadly	-0.3333333333333333	[-1, -1, 1]
contact	-0.5555555555555556	[-1, 1, -1, -1, -1, -1, -1, -1, 1]
ref	-1.0	[-1]
aidanhaletalktalknet	-1.0	[-1]
eliminate	-1.0	[-1, -1, -1]
route	-0.8	[-1, -1, -1, -1, -1, -1, -1, -1, -1, 1]
simply	-1.0	[-1]
unnecessary	-1.0	[-1, -1, -1, -1, -1, -1, -1]
switch	-0.3333333333333333	[-1, 1, -1]
right	-0.5	[-1, 1, -1, -1, -1, -1, 1, -1]
mind	0.0	[-1, 1]
possible	0.75	[-1, 1, 1, 1, 1, 1, 1, 1]
luckily	-1.0	[-1, -1]
suitcase	-0.6666666666666666	[-1, -1, -1, -1, -1, 1]
likely	-0.14285714285714285	[-1, -1, 1, -1, 1, -1, 1]
read	1.0	[1]
ridiculous	-1.0	[-1, -1, -1, -1, -1]
earbud	-1.0	[-1]
comfy	1.0	[1, 1, 1]
cabin	-0.4	[-1, 1, -1, 1, 1, -1, -1, -1, -1, -1, -1, -1, -1, -1, 1, 1, -1, -1, 1, -1]
nonexistent	-1.0	[-1]
continent	-1.0	[-1]
score	-1.0	[-1]
exception	-1.0	[-1]
discount	-1.0	[-1, -1, -1, -1]
local	0.0	[-1, 1]
cause	-0.875	[-1, -1, -1, 1, -1, -1, -1, -1, -1, -1, -1, -1, -1, -1, -1, -1]
shortstaffe	-1.0	[-1]
support	-0.6666666666666666	[-1, 1, -1, -1, -1, -1]
1st	-1.0	[-1, -1]
6th	-1.0	[-1]
hr	-0.3333333333333333	[-1, 1, -1]
addl	-1.0	[-1]
such	1.0	[1, 1]
confirmation	-1.0	[-1, -1, -1]
footleg	1.0	[1]
match	0.0	[-1, 1]
comfort	0.14285714285714285	[1, 1, -1, 1, -1, -1, 1]
excellent	0.8333333333333334	[1, 1, -1, 1, 1, 1, 1, 1, 1, 1, 1, 1, 1, 1, 1, 1, 1, 1, 1, 1, -1, 1, 1, 1]
comment	-0.5	[0, -1, -1, -1, -1, 1]
half	-1.0	[-1, -1, -1, -1, -1]
unacceptable	-0.6666666666666666	[-1, -1, -1, -1, 1, -1]
bag	-0.8947368421052632	[-1, -1, -1, -1, -1, -1, -1, -1, -1, -1, -1, -1, -1, -1, -1, -1, -1, -1, -1, -1, -1, -1, -1, -1, -1, -1, -1, -1, -1, -1, -1, -1, -1, 1, -1, -1, -1, -1, -1, -1, -1, -1, -1, -1, 1, -1, -1, -1, -1, -1, -1, -1, -1, -1, -1, -1, 1]
worker	0.0	[-1, 1]
weekend	1.0	[1]
andor	1.0	[1]
text	0.0	[1, -1]
lovely	0.8	[1, 1, 1, 1, -1, 1, 1, 1, 1, 1]
inconvenient	-1.0	[-1, -1, -1, -1]
constantly	-1.0	[-1, -1, -1]
reset	-1.0	[-1]
screen	-0.8823529411764706	[-1, -1, -1, -1, -1, -1, -1, -1, -1, -1, -1, -1, -1, -1, -1, -1, 1]
movie	-0.6666666666666666	[-1, -1, 1, -1, -1, 1, -1, -1, -1, -1, -1, -1]
working	-1.0	[-1]
loud	-0.5	[1, -1, -1, -1]
warning	-1.0	[-1, -1, -1]
behalf	-1.0	[-1]
fake	-1.0	[-1]
hit	-1.0	[-1]
wall	-1.0	[-1]
shocked	-1.0	[-1]
warn	-1.0	[-1, -1]
find	1.0	[1, 1]
threat	-1.0	[-1]
impressed	1.0	[1, 1, 1, 1, 1]
quiet	0.3333333333333333	[1, -1, 1]
engine	-0.5	[1, -1, -1, -1]
noise	1.0	[1]
maybe	-0.6363636363636364	[-1, -1, -1, -1, 1, -1, -1, -1, -1, -1, 1]
enlightening	1.0	[1]
correct	0.0	[1, 1, -1, -1]
ver	1.0	[1]
pleased	0.6	[1, -1, 1, 1, 1]
headrest	-1.0	[-1, -1, -1, -1]
forward	0.2	[-1, -1, 1, 1, 1]
head	-0.7777777777777778	[-1, 1, -1, -1, -1, -1, -1, -1, -1]
tilt	-1.0	[-1]
sore	-1.0	[-1]
neck	-1.0	[-1, -1]
captain	-0.5	[-1, 1, -1, -1]
function	-1.0	[-1]
console	-1.0	[-1]
hole	-1.0	[-1]
suppose	-1.0	[-1, -1, -1, -1, -1, -1]
plug	-1.0	[-1, -1]
jump	-1.0	[-1]
forth	-1.0	[-1]
shrug	-1.0	[-1]
everthing	-1.0	[-1]
reroute	-1.0	[-1, -1, -1]
midtrip	-1.0	[-1]
compensation	-1.0	[-1, -1]
hardship	-1.0	[-1]
perfunctorily	-1.0	[-1]
unusual	0.0	[1, -1]
callous	1.0	[1]
company	-0.7777777777777778	[-1, -1, 1, -1, -1, -1, -1, -1, -1]
inconsistent	-1.0	[-1]
generous	-1.0	[-1]
welcome	-0.5	[-1, -1, -1, 1]
reception	-1.0	[-1]
taste	-1.0	[-1, -1]
mouth	-1.0	[-1]
opportunity	-0.25	[-1, 1, -1, 1, -1, -1, -1, 1]
sandwich	-1.0	[-1, -1, -1, -1, -1]
similar	-1.0	[-1]
connection	-0.7333333333333333	[-1, -1, -1, 1, -1, -1, 1, -1, -1, -1, -1, -1, -1, -1, -1]
bang	-1.0	[-1]
carrier	-1.0	[-1, -1, -1, -1]
galley	-1.0	[-1, -1, -1]
sleep	-0.5555555555555556	[-1, -1, -1, -1, 1, -1, 1, -1, -1]
hrs	-1.0	[-1, -1, -1]
infotainment	-1.0	[-1]
collpase	-1.0	[-1]
beverage	0.0	[-1, 1]
fantastic	1.0	[1, 1, 1, 1]
superb	0.3333333333333333	[1, -1, 1]
pre	-1.0	[-1, -1]
substitution	-1.0	[-1]
narrow	-1.0	[-1, -1, -1, -1, -1, -1, -1, -1]
fod	-1.0	[-1]
borard	-1.0	[-1]
extremelly	-1.0	[-1]
ongoing	-1.0	[-1, -1]
happen	-0.25	[-1, -1, -1, 1, 1, -1, -1, 1]
terribly	-1.0	[-1]
disorganize	-1.0	[-1, -1, -1]
6hr	-1.0	[-1]
min	-0.7777777777777778	[-1, -1, -1, -1, -1, -1, -1, -1, 1]
anyways	-1.0	[-1]
week	0.0	[-1, -1, 1, 1]
add	-0.7777777777777778	[-1, 1, -1, -1, -1, -1, -1, -1, -1]
expense	-0.6	[-1, 1, -1, -1, -1]
spare	1.0	[1]
piloting	1.0	[1]
notice	0.0	[1, -1, -1, -1, 1, -1, 1, 1]
superior	0.0	[1, -1]
minimal	0.0	[-1, -1, 1, 1]
unhealthy	-1.0	[-1]
fill	1.0	[1]
SEAKEF	1.0	[1]
checkinbaggage	1.0	[1]
portion	0.0	[1, -1]
forget	0.0	[1, -1, 1, -1]
vegetarian	0.0	[1, 1, -1, -1]
wife	-1.0	[-1, -1]
emergency	-0.3333333333333333	[-1, -1, 1]
rowthere	-1.0	[-1]
plenty	0.0	[-1, 1]
relocate	-1.0	[-1]
rowwhich	-1.0	[-1]
aboutthe	-1.0	[-1]
do	1.0	[1, 1, 1, 1, 1]
Bad	-1.0	[-1]
policyuncomfortable	-1.0	[-1]
impossible	-1.0	[-1, -1, -1, -1, -1, -1, -1, -1]
refuse	-1.0	[-1, -1, -1, -1, -1]
blame	-1.0	[-1, -1]
alaskan	-1.0	[-1]
perfect	0.3333333333333333	[1, 1, -1, 1, 1, -1]
textemail	-1.0	[-1]
share	-0.5	[-1, -1, -1, 1]
properly	-1.0	[-1, -1, -1, -1]
move	1.0	[1]
suffer	-1.0	[-1, -1]
unprofessional	-1.0	[-1, -1]
skeptical	-1.0	[-1, -1]
many	1.0	[1, 1, 1]
dock	1.0	[1]
hassle	-0.3333333333333333	[-1, -1, -1, 1, -1, 1]
wrong	-1.0	[-1, -1, -1, -1, -1, -1, -1, -1]
explanation	-1.0	[-1, -1, -1]
nightmare	-0.5	[1, -1, -1, -1]
24h	0.0	[1, -1]
obsolete	1.0	[1]
incompetence	1.0	[1]
shame	-0.7142857142857143	[1, -1, -1, -1, -1, -1, -1]
large	-0.8333333333333334	[1, -1, -1, -1, -1, -1, -1, -1, -1, -1, -1, -1]
promptly	1.0	[1]
lifesaver	1.0	[1]
kid	0.6	[1, 1, 1, -1, 1]
look	-0.07692307692307693	[-1, 1, -1, -1, 1, -1, 1, -1, -1, -1, 1, 1, 1]
online	-0.8	[-1, -1, -1, -1, -1, -1, -1, -1, -1, -1, -1, -1, -1, -1, -1, -1, -1, 1, -1, 1]
feature	-1.0	[-1]
live	1.0	[1]
telephone	1.0	[1]
understandable	0.3333333333333333	[1, 1, -1]
language	1.0	[1]
purchasing	1.0	[1]
barcode	-0.5	[1, -1, -1, -1]
buck	-1.0	[-1]
cram	-1.0	[-1, -1, -1]
iceland	-1.0	[-1, -1, -1, -1]
exorbitant	-1.0	[-1]
budget	-0.3333333333333333	[-1, -1, 1]
update	0.5	[-1, 1, 1, 1]
available	-0.52	[1, -1, -1, -1, 1, 1, -1, 1, -1, -1, -1, -1, -1, -1, -1, -1, 1, -1, -1, -1, -1, -1, -1, 1, -1]
break	-0.8461538461538461	[-1, -1, -1, -1, -1, -1, -1, -1, -1, 1, -1, -1, -1]
wheel	-0.3333333333333333	[-1, 1, -1]
usable	-1.0	[-1]
proceed	-1.0	[-1]
solution	-1.0	[-1, -1]
respond	0.5	[-1, 1, 1, 1]
damage	-1.0	[-1, -1, -1, -1, -1, -1, -1]
insistently	-1.0	[-1]
valuable	-1.0	[-1]
believe	0.0	[-1, 1, 1, -1]
radio	-1.0	[-1]
silence	-1.0	[-1]
gift	-1.0	[-1]
faith	-1.0	[-1]
width	-1.0	[-1]
website	-0.6363636363636364	[-1, -1, 1, 1, -1, -1, -1, -1, -1, -1, -1]
hostess	1.0	[1]
sllbthe	1.0	[1]
pandemic	-1.0	[-1, -1, -1, -1, -1, -1, -1, -1]
fun	-1.0	[-1, -1]
tracking	-1.0	[-1]
software	-1.0	[-1]
sim	-1.0	[-1]
antigen	-1.0	[-1, -1]
account	-1.0	[-1, -1]
automatically	-1.0	[-1]
track	0.0	[-1, 1]
base	-1.0	[-1]
personnel	-0.2	[-1, -1, 1, 1, 1, -1, 1, -1, -1, -1]
skip	-1.0	[-1]
submit	-1.0	[-1, -1, -1]
fi450	-1.0	[-1]
vacation	-1.0	[-1]
orlando	-1.0	[-1]
sign	-1.0	[-1, -1, -1, -1, -1]
clue	-1.0	[-1]
sauna	-1.0	[-1]
thought	-1.0	[-1]
verge	-1.0	[-1]
pressure	-1.0	[-1, -1]
stewardess	-0.3333333333333333	[-1, -1, 1]
walk	-0.5555555555555556	[-1, -1, -1, -1, -1, 1, -1, -1, 1]
1f	-1.0	[-1]
3a	-1.0	[-1]
3b	-1.0	[-1]
3d	-1.0	[-1]
entire	-0.38461538461538464	[-1, -1, -1, -1, -1, 1, 1, -1, -1, 1, -1, 1, -1]
regardless	-1.0	[-1]
cough	-1.0	[-1, -1]
blow	-1.0	[-1, -1, -1, -1, -1]
nose	-1.0	[-1]
sneeze	-1.0	[-1, -1]
regulation	-1.0	[-1, -1, -1]
adhere	1.0	[1]
approach	-1.0	[-1, -1]
minimum	-1.0	[-1, -1]
cycle	-1.0	[-1]
maintenance	-1.0	[-1, -1]
overhaul	-1.0	[-1]
action	-1.0	[-1]
reflect	1.0	[1]
other	1.0	[1]
afford	0.0	[-1, 1]
donation	1.0	[1]
repurchase	-1.0	[-1]
incur	-1.0	[-1, -1, -1, -1]
easily	1.0	[1, 1]
becasue	-1.0	[-1]
windy	0.3333333333333333	[-1, 1, 1]
fluency	1.0	[1]
management	1.0	[1]
staffvery	1.0	[1]
personel	-1.0	[-1]
figure	-0.5	[-1, -1, 1, -1]
cab	-1.0	[-1]
disorganized	-1.0	[-1, -1, -1]
nit	-1.0	[-1]
appal	-1.0	[-1]
tiny	-1.0	[-1, -1]
pour	-1.0	[-1, -1]
normal	-0.6666666666666666	[-1, -1, -1, 1, -1, -1]
unit	-1.0	[-1]
pack	-0.75	[-1, -1, 1, -1, -1, -1, -1, -1]
less	1.0	[1, 1]
fi623	-1.0	[-1]
label	-1.0	[-1]
differently	-1.0	[-1, -1]
diagram	-1.0	[-1]
discomfort	-1.0	[-1, -1]
unefficient	-1.0	[-1]
stressful	-0.7142857142857143	[-1, -1, -1, -1, -1, -1, 1, -1, -1, -1, -1, -1, -1, 1]
catch	-0.5	[-1, 1, -1, -1]
belt	-1.0	[-1]
dim	0.0	[1, -1]
happend	1.0	[1]
immediately	-0.3333333333333333	[1, -1, -1]
breakfast	1.0	[1]
produce	-1.0	[-1]
scan	-1.0	[-1]
strike	1.0	[1]
cool	-1.0	[-1, -1]
mention	-0.5555555555555556	[-1, 1, -1, -1, -1, -1, -1, -1, 1]
idea	-0.6	[-1, -1, 1, -1, -1]
medication	-1.0	[-1]
escalator	-1.0	[-1, -1, -1]
yell	-1.0	[-1]
organization	0.0	[-1, 1]
elevator	-1.0	[-1]
layout	-1.0	[-1, -1]
specifically	-1.0	[-1, -1]
expedite	-1.0	[-1]
bunch	-0.3333333333333333	[-1, 1, -1]
beautiful	0.3333333333333333	[-1, 1, 1]
snobby	-1.0	[-1]
counterpart	-1.0	[-1]
sparkle	-1.0	[-1]
wine	-1.0	[-1, -1]
austere	1.0	[1]
stoic	0.0	[-1, 1]
reputation	-1.0	[-1, -1]
souse	-1.0	[-1]
bubbly	-1.0	[-1]
colleague	-1.0	[-1, -1]
drunk	-1.0	[-1]
tire	1.0	[1]
tarmac	0.0	[1, -1]
admit	1.0	[1]
jealous	1.0	[1]
drinking	1.0	[1]
dislike	-1.0	[-1, -1]
nickel	-1.0	[-1]
reseat	-1.0	[-1]
potentially	-1.0	[-1]
reach	-0.5	[-1, 1, -1, -1, -1, -1, -1, 1]
timely	-1.0	[-1]
manner	0.0	[-1, 1]
tag	-1.0	[-1, -1]
drag	-1.0	[-1, -1]
recheck	-1.0	[-1, -1]
jar	-1.0	[-1]
speed	0.3333333333333333	[1, -1, 1]
efficiency	1.0	[1, 1]
23rd	-1.0	[-1]
amazing	1.0	[1, 1, 1, 1, 1, 1, 1, 1, 1, 1, 1, 1, 1, 1, 1]
empathetic	1.0	[1]
file	-1.0	[-1, -1]
shambolic	-1.0	[-1]
h	-1.0	[-1, -1, -1]
directly	-1.0	[-1, -1]
lane	-1.0	[-1, -1]
mess	-1.0	[-1, -1, -1, -1]
grateful	0.5	[-1, 1, 1, 1]
meet	-0.42857142857142855	[-1, -1, 1, -1, 1, -1, -1]
sassy	-1.0	[-1]
sweaty	-1.0	[-1]
outofbreath	-1.0	[-1]
possibly	-1.0	[-1, -1, -1]
baby	0.0	[1, -1]
skin	1.0	[1]
feeling	-1.0	[-1]
table	-1.0	[-1, -1, -1, -1]
dre	-1.0	[-1]
stevadesse	-1.0	[-1]
ekstra	-1.0	[-1]
place	-1.0	[-1, -1, -1, -1, -1, -1]
chance	-1.0	[-1, -1]
plan	-0.6	[-1, -1, -1, -1, 1]
becaus	-1.0	[-1]
jacket	-1.0	[-1]
pathetic	-1.0	[-1]
unbelievable	-1.0	[-1]
sense	0.0	[-1, 1]
info	-1.0	[-1, -1, -1, -1, -1, -1, -1]
ahead	-1.0	[-1, -1, -1]
print	-1.0	[-1, -1]
kiosk	-1.0	[-1]
verify	-1.0	[-1]
evaluate	-1.0	[-1, -1]
decide	-1.0	[-1]
annoying	-1.0	[-1, -1, -1, -1]
pointless	-1.0	[-1]
minor	-1.0	[-1]
inconvenience	-0.5	[-1, 1, -1, -1]
story	-1.0	[-1]
obtain	-1.0	[-1]
exact	-1.0	[-1, -1]
attitude	0.0	[-1, 1]
device	-1.0	[-1]
behave	-1.0	[-1]
prevent	-1.0	[-1]
pause	-1.0	[-1]
turbulence	-0.5	[-1, -1, -1, 1]
30c	-1.0	[-1]
restart	-1.0	[-1]
luck	-1.0	[-1]
link	0.0	[1, -1]
tie	1.0	[1]
originating	1.0	[1]
polite	1.0	[1, 1, 1, 1]
patient	1.0	[1, 1]
praise	1.0	[1]
teh	-1.0	[-1]
taxis	-1.0	[-1, -1]
party	-1.0	[-1, -1]
600am	-1.0	[-1]
join	0.0	[-1, 1]
740am	-1.0	[-1]
convenient	1.0	[1, 1]
commitment	1.0	[1]
transport	0.0	[1, -1]
rearrange	1.0	[1]
formality	-1.0	[-1]
absurd	-0.3333333333333333	[-1, 1, -1]
unfriendly	-1.0	[-1, -1, -1, -1]
unhelpful	-1.0	[-1]
border	-1.0	[-1, -1, -1]
covidis	-1.0	[-1]
user	0.3333333333333333	[1, 1, -1]
outbound	-1.0	[-1, -1, -1, -1]
attentive	0.5	[-1, 1, 1, 1]
cup	-1.0	[-1, -1, -1]
sister	-1.0	[-1]
distraught	-1.0	[-1]
booking	-1.0	[-1, -1, -1, -1, -1, -1, -1, -1, -1, -1, -1, -1]
rebook	-1.0	[-1, -1, -1]
voucher	0.0	[-1, 1]
credit	0.2	[-1, -1, 1, 1, 1]
strict	-1.0	[-1]
policy	-1.0	[-1, -1, -1, -1]
overcrowded	-1.0	[-1, -1]
schedule	-1.0	[-1, -1]
race	-1.0	[-1]
transportation	-1.0	[-1]
assignment	-1.0	[-1, -1]
ready	-0.3333333333333333	[1, -1, -1, -1, -1, 1]
unnessisary	-1.0	[-1]
standard	-0.5	[-1, -1, -1, 1]
vent	-1.0	[-1, -1]
unbearably	-1.0	[-1]
coat	-1.0	[-1, -1, -1, -1, -1]
cover	0.2	[-1, 1, 1, 1, -1]
remedy	-1.0	[-1]
hotother	-1.0	[-1]
lower	-1.0	[-1]
appearance	1.0	[1]
ère	-1.0	[-1]
effecient	-1.0	[-1]
allowance	0.0	[1, -1]
web	0.0	[1, -1]
rave	1.0	[1]
grat	-1.0	[-1]
portal	-1.0	[-1]
set	-1.0	[-1, -1, -1]
differentt	-1.0	[-1]
windowseat	-1.0	[-1]
effekt	-1.0	[-1]
girlfriend	-1.0	[-1]
seitte	-1.0	[-1]
commuicate	-1.0	[-1]
cross	-1.0	[-1]
reservate	-1.0	[-1]
togerher	-1.0	[-1]
neeed	-1.0	[-1]
possibiliry	-1.0	[-1]
bording	-1.0	[-1]
unacceptible	-1.0	[-1]
individual	-1.0	[-1]
uninterested	-1.0	[-1]
avoid	-1.0	[-1, -1]
restaurant	-1.0	[-1]
pote	-1.0	[-1]
thabill	-1.0	[-1]
wifi	-0.8181818181818182	[-1, -1, -1, -1, -1, -1, -1, -1, -1, 1, -1]
entertainement	-1.0	[-1]
bough	1.0	[1]
tidy	1.0	[1]
curtain	-1.0	[-1]
deliver	-0.6	[-1, -1, -1, 1, -1]
dirty	-1.0	[-1, -1]
napkin	-1.0	[-1]
tissue	-0.3333333333333333	[-1, -1, 1]
washing	-1.0	[-1]
inbetween	-1.0	[-1]
english	1.0	[1, 1]
as	0.0	[-1, -1, 1, 1]
contrast	1.0	[1]
successfully	1.0	[1]
previous	1.0	[1]
unexpected	1.0	[1]
age	0.0	[1, -1]
determine	-1.0	[-1]
delivery	-1.0	[-1, -1, -1]
hungry	-1.0	[-1, -1, -1, -1]
crossing	-1.0	[-1]
load	-0.6666666666666666	[1, -1, -1, -1, -1, -1]
disappear	-1.0	[-1]
transfere	-1.0	[-1]
loooooong	-1.0	[-1]
handicap	-1.0	[-1]
chair	-1.0	[-1, -1, -1, -1]
disappoint	-1.0	[-1, -1, -1, -1]
only	1.0	[1, 1]
carousel	-1.0	[-1]
render	-1.0	[-1]
useless	-1.0	[-1, -1]
worth	1.0	[1, 1]
penny	1.0	[1]
transit	-1.0	[-1, -1, -1, -1, -1, -1]
unorganised	-1.0	[-1]
corridor	-1.0	[-1, -1]
dead	-1.0	[-1]
page	-1.0	[-1, -1, -1]
accidentally	-1.0	[-1]
photo	-1.0	[-1]
claim	-1.0	[-1, -1, -1, -1, -1, -1, -1, -1]
inspire	0.3333333333333333	[1, 1, -1]
confidence	0.0	[-1, 1]
unlikely	1.0	[1]
rehydrated	-1.0	[-1]
vegetable	-1.0	[-1]
soup	-1.0	[-1, -1]
cook	-1.0	[-1, -1]
vomit	-1.0	[-1, -1]
surely	-1.0	[-1, -1]
delicious	0.0	[-1, 1]
fresh	-1.0	[-1, -1]
veggie	-1.0	[-1]
fabulous	1.0	[1, 1]
rigt	-1.0	[-1]
etch	-1.0	[-1]
otter	-1.0	[-1]
inedible	-1.0	[-1, -1]
much	0.6	[1, 1, 1, 1, -1]
deboarding	-1.0	[-1]
dropoff	-1.0	[-1]
actual	-1.0	[-1]
elderly	-1.0	[-1]
helpfull	1.0	[1]
smooth	0.5	[1, 1, -1, -1, -1, 1, 1, 1, 1, 1, 1, 1]
alternative	-0.3333333333333333	[-1, 1, -1]
message	0.0	[-1, 1]
overseas	-1.0	[-1]
overwhelmed	-1.0	[-1]
keep	1.0	[1, 1]
dismal	-1.0	[-1]
busy	0.5	[1, -1, 1, 1]
period	0.0	[1, -1]
rowsection	-1.0	[-1]
tterminal	-1.0	[-1]
covered	-1.0	[-1]
tunnel	-1.0	[-1]
subject	0.0	[1, -1]
mechanical	-1.0	[-1, -1]
whatsoever	0.0	[-1, 1]
offboarde	-1.0	[-1, -1]
swap	-1.0	[-1]
enter	-1.0	[-1, -1, -1, -1]
reply	-1.0	[-1, -1]
wonder	-0.6	[-1, -1, 1, -1, -1]
stair	-1.0	[-1, -1, -1, -1, -1, -1]
adv	-1.0	[-1]
minded	1.0	[1, 1]
intrusive	1.0	[1]
relax	0.0	[1, -1]
hurry	1.0	[1]
waste	-1.0	[-1, -1, -1]
pleasantly	-1.0	[-1]
tv	-1.0	[-1, -1, -1, -1, -1]
protocol	-1.0	[-1, -1, -1]
current	-1.0	[-1, -1, -1, -1]
complicated	-1.0	[-1]
worry	0.3333333333333333	[-1, 1, 1]
inadequately	-1.0	[-1]
leadup	-1.0	[-1]
marketing	0.0	[1, -1]
preparation	-1.0	[-1]
pull	0.0	[-1, 1]
struggle	-0.3333333333333333	[-1, 1, -1]
stairwell	-1.0	[-1]
leaving	-1.0	[-1]
grubby	-1.0	[-1]
2nd	-1.0	[-1, -1]
confirm	-1.0	[-1]
ve	1.0	[1]
reimburse	-1.0	[-1, -1]
appease	-1.0	[-1]
dollar	-1.0	[-1, -1, -1, -1]
cancelation	-1.0	[-1]
rebooking	-1.0	[-1]
ppl	-1.0	[-1]
impact	-0.3333333333333333	[-1, 1, -1]
medium	0.0	[-1, 1]
social	0.0	[-1, 1]
follower	-1.0	[-1]
straightforward	-1.0	[-1]
ensure	-0.3333333333333333	[-1, -1, 1]
quickly	-0.3333333333333333	[-1, 1, -1]
leak	-1.0	[-1, -1]
seiling	-1.0	[-1]
stiffe	-1.0	[-1]
fleet	-1.0	[-1]
s	-1.0	[-1, -1, -1, -1, -1, -1, -1, -1, -1, -1, -1, -1]
accurate	0.0	[1, -1]
rating	1.0	[1]
review	1.0	[1]
opposite	0.0	[-1, 1]
b	-1.0	[-1, -1]
abort	-1.0	[-1]
onse	-1.0	[-1]
unoccupied	1.0	[1]
outstanding	1.0	[1, 1]
neat	1.0	[1]
interaction	1.0	[1]
sitting	-1.0	[-1]
bump	-1.0	[-1, -1]
elbow	-1.0	[-1]
noisy	0.0	[-1, 1]
cheerful	1.0	[1]
simple	0.3333333333333333	[1, 1, -1]
tall	-1.0	[-1, -1, -1, -1, -1]
matter	-1.0	[-1]
continue	1.0	[1, 1, 1]
impress	1.0	[1, 1]
professionalism	1.0	[1, 1]
ease	0.3333333333333333	[1, 1, -1]
arrangement	1.0	[1, 1]
exceptional	1.0	[1, 1]
reliable	1.0	[1]
punctual	0.0	[1, -1]
courteous	1.0	[1, 1, 1, 1]
thoughtful	1.0	[1]
unfortunately	-0.6	[-1, -1, -1, 1, -1]
indication	-1.0	[-1]
parking	-1.0	[-1, -1]
couple	-0.3333333333333333	[-1, -1, 1]
city	-1.0	[-1]
advertising	-1.0	[-1]
internal	-1.0	[-1]
island	-1.0	[-1, -1]
avail	-1.0	[-1]
dream	1.0	[1]
true	1.0	[1, 1]
recently	0.0	[1, -1]
hurt	-0.3333333333333333	[1, -1, -1]
disability	0.3333333333333333	[1, 1, -1]
fooddrink	-1.0	[-1]
snacksfooddrink	-1.0	[-1]
push	-1.0	[-1, -1]
flee	-1.0	[-1]
rent	-1.0	[-1]
private	-1.0	[-1]
car	-1.0	[-1, -1]
boarde	-1.0	[-1]
apology	-1.0	[-1]
alot	-1.0	[-1]
insufficient	-1.0	[-1]
capacity	-1.0	[-1]
equip	1.0	[1, 1]
hostesse	1.0	[1]
calm	0.3333333333333333	[1, -1, 1]
reassuring	1.0	[1]
friendliness	0.3333333333333333	[1, 1, -1]
positive	1.0	[1, 1, 1, 1]
scared	1.0	[1]
nutspretzel	-1.0	[-1]
toilet	-0.3333333333333333	[-1, -1, 1]
restroom	-1.0	[-1, -1]
exciting	-1.0	[-1]
satisfactory	-1.0	[-1]
put	1.0	[1, 1]
await	-1.0	[-1, -1]
overcrowd	-1.0	[-1, -1]
bid	-1.0	[-1, -1]
exchange	-1.0	[-1]
package	0.0	[-1, -1, 1, 1]
unnecessarily	-1.0	[-1, -1]
nerveracking	-1.0	[-1]
hurdle	-1.0	[-1]
dump	0.0	[-1, 1]
sort	-1.0	[-1]
anytimr	1.0	[1]
previously	-1.0	[-1, -1]
life	-1.0	[-1, -1]
outset	-1.0	[-1]
cardinal	-1.0	[-1]
principal	-1.0	[-1]
procedure	0.3333333333333333	[-1, 1, 1]
sheep	1.0	[1]
astonished	1.0	[1]
single	0.0	[1, -1]
word	-0.3333333333333333	[1, -1, -1]
doin	-1.0	[-1]
today	-1.0	[-1]
refreshing	-1.0	[-1]
todaywood	-1.0	[-1]
panel	-1.0	[-1]
intimate	-1.0	[-1]
scale	-1.0	[-1]
horde	-1.0	[-1]
whole	1.0	[1]
responsible	-1.0	[-1]
complementary	-1.0	[-1, -1]
pandemics	-1.0	[-1]
concession	-1.0	[-1]
thankful	1.0	[1, 1]
permanently	-1.0	[-1]
piece	-1.0	[-1]
lostnot	-1.0	[-1]
recovery	-1.0	[-1]
clueless	-1.0	[-1]
demand	-1.0	[-1]
qr	-1.0	[-1]
code	-1.0	[-1, -1]
prepared	1.0	[1]
internet	-1.0	[-1]
network	-1.0	[-1]
inbox	0.0	[-1, 1]
spam	-1.0	[-1]
yet	1.0	[1]
aware	0.3333333333333333	[-1, 1, -1, 1, 1, 1]
recommendation	-1.0	[-1]
waive	-1.0	[-1]
rep	-1.0	[-1, -1]
curt	-1.0	[-1]
unwilling	-1.0	[-1]
hang	-1.0	[-1]
incident	-1.0	[-1]
acceptable	0.2	[1, 1, 1, -1, -1]
neighbour	-1.0	[-1]
mail	-1.0	[-1]
wich	-1.0	[-1]
there	1.0	[1]
werde	-1.0	[-1]
restriction	-1.0	[-1, -1]
suddently	-1.0	[-1]
ist	0.0	[-1, 1]
abrupt	0.0	[-1, 1]
spite	1.0	[1]
duly	1.0	[1]
video	1.0	[1]
awhile	1.0	[1]
overcome	1.0	[1]
flightbut	1.0	[1]
attendance	1.0	[1, 1, 1, 1]
brilliant	-1.0	[-1]
sorry	-1.0	[-1, -1]
respect	-1.0	[-1]
human	-1.0	[-1]
unload	-1.0	[-1]
probably	-0.5	[-1, 1, -1, -1]
finish	-1.0	[-1, -1]
apparently	-1.0	[-1]
piss	-1.0	[-1]
stuff	-0.3333333333333333	[-1, 1, -1]
possibility	-1.0	[-1]
lunch	-1.0	[-1]
catering	-1.0	[-1]
painfully	0.0	[-1, 1]
make	1.0	[1, 1, 1]
ok	0.5	[1, 1, -1, 1]
oppositevery	-1.0	[-1]
disconcerting	-1.0	[-1]
allergy	-1.0	[-1, -1]
relaxed	-1.0	[-1]
announce	-0.42857142857142855	[-1, -1, 1, 1, -1, -1, -1]
model	-1.0	[-1]
strange	-1.0	[-1, -1, -1]
stake	-1.0	[-1]
concord	-1.0	[-1]
risk	-1.0	[-1]
witness	-1.0	[-1]
death	-1.0	[-1]
divert	-1.0	[-1]
auction	1.0	[1]
6c	-1.0	[-1]
position	-1.0	[-1, -1, -1]
normally	-1.0	[-1, -1, -1]
vastness	-1.0	[-1]
debark	-1.0	[-1]
approve	-1.0	[-1, -1]
bc	-1.0	[-1, -1, -1]
proof	-1.0	[-1, -1, -1]
post	-1.0	[-1]
physically	-1.0	[-1, -1]
present	-1.0	[-1, -1]
office	-1.0	[-1]
connectionflight	-1.0	[-1]
interested	0.0	[1, -1]
onflight	-1.0	[-1]
timid	-1.0	[-1]
fivehour	-1.0	[-1]
onboarde	-1.0	[-1]
snow	-1.0	[-1]
thirsty	-1.0	[-1, -1]
offset	-1.0	[-1]
stollen	-1.0	[-1]
property	-1.0	[-1]
talk	-1.0	[-1, -1, -1, -1, -1, -1, -1, -1]
verification	-1.0	[-1]
gimmick	-1.0	[-1]
suck	-1.0	[-1, -1]
responsibility	-0.3333333333333333	[-1, 1, -1]
combine	-1.0	[-1, -1]
promote	0.0	[-1, 1]
auto	1.0	[1]
zone	0.3333333333333333	[1, -1, 1]
address	1.0	[1]
folder	1.0	[1]
exit	-1.0	[-1, -1, -1]
excuse	-0.2	[-1, -1, -1, 1, 1]
full	0.42857142857142855	[1, -1, 1, 1, -1, 1, 1]
stowe	-1.0	[-1]
cabinbag	-1.0	[-1]
same	1.0	[1, 1, 1, 1, 1]
numerous	-1.0	[-1]
worrying	-1.0	[-1]
appear	-0.3333333333333333	[-1, 1, -1]
govt	-1.0	[-1]
terminology	-1.0	[-1]
ironic	1.0	[1]
metre	-1.0	[-1]
trivial	-1.0	[-1]
happily	-1.0	[-1]
favourite	-1.0	[-1]
spoil	-1.0	[-1]
afternoon	-1.0	[-1, -1]
horrid	-1.0	[-1]
oblige	1.0	[1]
careless	-1.0	[-1]
spread	-1.0	[-1]
germ	-1.0	[-1]
description	1.0	[1]
airlinesspecially	1.0	[1]
regard	0.0	[1, -1]
uncertainty	0.0	[1, -1]
storm	1.0	[1]
vital	1.0	[1]
remove	1.0	[1, 1]
unsettled	1.0	[1]
sayeven	1.0	[1]
experiencedpilot	1.0	[1]
inspite	1.0	[1]
weatherwe	1.0	[1]
safely	1.0	[1]
memorable	1.0	[1]
bless	1.0	[1]
power	1.0	[1]
15h	-1.0	[-1]
onward	0.0	[-1, 1]
realise	1.0	[1]
satisfied	1.0	[1, 1]
kudo	1.0	[1]
caring	0.0	[1, -1]
sensitive	1.0	[1]
describe	-1.0	[-1]
preordere	1.0	[1]
allergic	1.0	[1]
awesome	1.0	[1]
crack	-1.0	[-1]
smash	-1.0	[-1, -1]
relatively	-1.0	[-1]
layer	1.0	[1]
complication	1.0	[1, 1]
boore	-1.0	[-1]
confuse	-1.0	[-1, -1, -1]
context	-1.0	[-1]
onboarding	-1.0	[-1]
member	-0.2	[-1, 1, 1, -1, -1]
similarly	-1.0	[-1]
selfservice	-1.0	[-1]
signpost	1.0	[1]
crowd	-1.0	[-1, -1, -1]
young	-0.3333333333333333	[-1, -1, 1]
guidance	-1.0	[-1]
steward	0.3333333333333333	[1, -1, 1]
arrange	1.0	[1, 1]
suitable	0.0	[1, -1]
consistently	1.0	[1]
E	-1.0	[-1]
couli	-1.0	[-1]
lean	0.0	[1, -1]
backseat	-1.0	[-1]
shortage	-1.0	[-1]
takeoff	-1.0	[-1]
thankfully	-1.0	[-1]
congenial	1.0	[1]
honor	0.0	[1, -1]
appropriately	-1.0	[-1, -1]
shot	-1.0	[-1]
application	-1.0	[-1]
overweight	-1.0	[-1]
weight	-1.0	[-1, -1, -1, -1]
excess	1.0	[1]
gluten	1.0	[1]
dairy	1.0	[1]
compress	1.0	[1]
wipe	1.0	[1]
m	-0.1111111111111111	[1, 1, -1, 1, 1, -1, -1, -1, -1]
freeze	-1.0	[-1]
critiquecomment	-1.0	[-1]
nut	-1.0	[-1]
3rd	-1.0	[-1, -1]
4th	-1.0	[-1]
dismissive	-1.0	[-1]
waitingroom	-1.0	[-1]
c33	-1.0	[-1]
boardingtime	-1.0	[-1]
plain	-0.3333333333333333	[-1, 1, -1]
usual	-0.3333333333333333	[-1, -1, 1]
loudspeaker	-1.0	[-1]
sound	-1.0	[-1]
occur	-0.3333333333333333	[-1, -1, 1]
fistfight	-1.0	[-1]
overheated	-1.0	[-1]
anxious	-1.0	[-1, -1]
cart	-1.0	[-1, -1]
d3234	-1.0	[-1]
healthy	0.0	[-1, 1]
surprise	0.0	[1, -1]
anxiety	0.0	[1, -1]
officially	-1.0	[-1]
decision	-1.0	[-1, -1, -1]
opinion	-1.0	[-1]
stead	-1.0	[-1, -1]
rd	-1.0	[-1]
acknowledge	-1.0	[-1]
simplicity	-1.0	[-1]
ny	1.0	[1]
tad	-1.0	[-1]
snacksfood	-1.0	[-1]
porly	-1.0	[-1]
reenter	-1.0	[-1]
northern	0.0	[-1, 1]
tour	-0.5	[-1, -1, -1, 1]
stroller	1.0	[1]
observation	-1.0	[-1]
disconcert	-1.0	[-1]
funny	-1.0	[-1]
magnificent	-1.0	[-1]
gust	-1.0	[-1]
greet	0.0	[-1, 1]
mighty	-1.0	[-1]
shake	-1.0	[-1]
prepay	-1.0	[-1, -1]
permission	-1.0	[-1]
conversation	-1.0	[-1]
supervisor	-1.0	[-1]
override	-1.0	[-1]
currently	-1.0	[-1]
mood	0.0	[-1, 1]
man	0.0	[-1, 1]
payment	-1.0	[-1]
multi	-1.0	[-1]
astonish	-1.0	[-1]
complain	-1.0	[-1]
3th	-1.0	[-1]
intertainment	-1.0	[-1]
50ish	-1.0	[-1]
sate	-1.0	[-1]
closing	-1.0	[-1]
create	-1.0	[-1, -1, -1]
c	-1.0	[-1]
cellphone	-1.0	[-1]
sardine	-1.0	[-1]
availability	-1.0	[-1]
non	-1.0	[-1]
exist	-1.0	[-1, -1]
die	-1.0	[-1]
footrest	-1.0	[-1]
representatitve	-1.0	[-1]
explain	-1.0	[-1, -1]
transferbut	-1.0	[-1]
clarity	-1.0	[-1]
lengthy	-1.0	[-1]
contingency	1.0	[1]
improvement	-1.0	[-1, -1, -1]
once	1.0	[1]
interact	0.5	[-1, 1, 1, 1]
loung	-1.0	[-1]
boring	-1.0	[-1]
aspect	1.0	[1]
familyfriendly	1.0	[1]
employ	1.0	[1]
understanding	0.3333333333333333	[1, -1, 1]
fligh	1.0	[1]
reflection	1.0	[1]
manufacturer	-1.0	[-1]
step	0.0	[-1, 1]
natural	-1.0	[-1]
padding	-1.0	[-1]
prebought	-1.0	[-1]
glutenfree	-1.0	[-1]
itinerary	-1.0	[-1, -1]
special	1.0	[1, 1]
solve	-1.0	[-1]
specially	-1.0	[-1]
knee	0.0	[-1, 1]
injury	-1.0	[-1]
comparable	-1.0	[-1, -1]
fortunately	-1.0	[-1]
lamb	-1.0	[-1]
stew	-1.0	[-1]
basically	-1.0	[-1, -1]
date	1.0	[1]
dress	1.0	[1]
firm	1.0	[1]
betterquicker	-1.0	[-1]
ticketpassport	-1.0	[-1]
horrendous	-1.0	[-1]
congratulation	1.0	[1]
tea	-1.0	[-1]
herbal	-1.0	[-1]
apart	-0.5	[-1, -1, 1, -1]
value	-0.2	[-1, 1, -1, -1, 1]
roughest	-1.0	[-1]
rough	-1.0	[-1, -1]
scary	0.0	[1, -1]
loader	-1.0	[-1]
shy	-1.0	[-1]
crazy	-1.0	[-1]
permitable	-1.0	[-1]
unneeded	-1.0	[-1]
volunteer	-1.0	[-1, -1]
beginning	0.0	[-1, 1]
random	0.0	[1, -1]
chcoose	-1.0	[-1]
upset	-1.0	[-1, -1]
fullpriced	-1.0	[-1]
store	-1.0	[-1]
foot	-1.0	[-1, -1, -1, -1]
shift	-1.0	[-1]
hesitant	-1.0	[-1]
receipt	-1.0	[-1]
kindly	0.0	[1, -1]
professionally	0.0	[1, -1]
brand	-1.0	[-1]
bust	-1.0	[-1]
openmy	-1.0	[-1]
crowding	-1.0	[-1]
continuously	-1.0	[-1]
foodsdrinksmedicine	-1.0	[-1]
accessible	-1.0	[-1]
medical	0.0	[-1, 1]
roundtrip	-1.0	[-1]
promise	-1.0	[-1]
feed	-1.0	[-1]
belong	-1.0	[-1]
dutyfree	-1.0	[-1]
duty	-1.0	[-1, -1, -1, -1]
interrupt	-1.0	[-1]
storage	-1.0	[-1, -1]
maker	-1.0	[-1]
lazy	1.0	[1]
generously	1.0	[1]
sized	1.0	[1]
alcohol	1.0	[1]
sadden	1.0	[1]
politeness	1.0	[1]
irrational	1.0	[1]
consequence	1.0	[1]
respectful	1.0	[1, 1]
take	0.0	[-1, 1]
keen	-1.0	[-1]
overpack	1.0	[1]
overshop	1.0	[1]
detriment	1.0	[1]
accessibility	1.0	[1]
building	-1.0	[-1]
educate	-1.0	[-1]
doable	-1.0	[-1]
raiser	-1.0	[-1]
competent	1.0	[1]
stopover	0.0	[1, -1]
8th	-1.0	[-1]
postpone	1.0	[1]
kevlaik	-1.0	[-1]
sooo	-1.0	[-1]
forever	-1.0	[-1]
homeward	-1.0	[-1]
figuere	-1.0	[-1]
emergince	-1.0	[-1]
panicey	-1.0	[-1]
progress	-1.0	[-1, -1]
screensu	-1.0	[-1]
alsoemail	-1.0	[-1]
flightrebook	-1.0	[-1]
nowthen	-1.0	[-1]
camcel	1.0	[1]
flightduring	-1.0	[-1]
timesie	-1.0	[-1]
invalid	1.0	[1]
changeis	-1.0	[-1]
strokereally	-1.0	[-1]
register	-1.0	[-1]
privilege	1.0	[1]
knowledgeable	1.0	[1, 1]
decline	0.3333333333333333	[-1, 1, 1]
accommodation	-1.0	[-1]
congestion	-1.0	[-1]
inefficient	-1.0	[-1]
recent	0.5	[1, 1, -1, 1]
raise	0.0	[1, -1]
main	-1.0	[-1]
unavailable	-1.0	[-1, -1]
offerend	-1.0	[-1]
showen	-1.0	[-1]
quee	-1.0	[-1]
costumer	1.0	[1]
armrest	-1.0	[-1]
b757	-1.0	[-1]
reinforce	-1.0	[-1]
instruction	-1.0	[-1]
reality	-1.0	[-1]
inspection	-1.0	[-1]
precheck	-1.0	[-1]
global	-1.0	[-1]
retail	-1.0	[-1]
establishment	-1.0	[-1]
extended	0.0	[1, -1]
inclined	-1.0	[-1]
status	0.0	[1, -1]
grab	-1.0	[-1, -1]
replace	-1.0	[-1, -1]
ife	-1.0	[-1]
play	1.0	[1]
content	0.0	[-1, 1]
fi	-1.0	[-1]
inflgiht	-1.0	[-1]
trouble	-1.0	[-1, -1]
remember	-1.0	[-1, -1, -1]
notably	-1.0	[-1]
greeting	-1.0	[-1]
wash	-1.0	[-1]
soap	-1.0	[-1]
rash	-1.0	[-1]
wqas	-1.0	[-1]
sanitizer	-1.0	[-1]
weird	-0.3333333333333333	[-1, 1, -1]
pain	-1.0	[-1]
throw	-1.0	[-1]
eur	-1.0	[-1]
kilogram	-1.0	[-1]
cherry	-1.0	[-1]
euro	-1.0	[-1]
useful	1.0	[1]
finally	-1.0	[-1]
view	0.0	[1, -1]
breathtake	1.0	[1]
bench	-1.0	[-1]
cushion	-1.0	[-1]
liquity	-1.0	[-1]
motion	-1.0	[-1]
sickness	-1.0	[-1]
dizzy	-1.0	[-1]
nonetheless	-1.0	[-1]
messy	-1.0	[-1, -1, -1]
customary	1.0	[1]
patience	1.0	[1]
courtesy	0.0	[1, -1]
obviously	1.0	[1]
important	1.0	[1]
aid	1.0	[1]
earphone	-1.0	[-1, -1]
unreal	-1.0	[-1]
wake	0.0	[1, -1]
descent	1.0	[1]
pure	1.0	[1]
laziness	-1.0	[-1]
refreshment	-1.0	[-1, -1, -1]
subsequent	-1.0	[-1, -1]
bassinet	-1.0	[-1]
changing	-1.0	[-1]
panic	-1.0	[-1, -1]
boarder	-1.0	[-1]
veryvery	-1.0	[-1]
unfortunate	-1.0	[-1, -1]
3of	-1.0	[-1]
toiletry	-1.0	[-1]
transmit	-1.0	[-1]
surprising	-1.0	[-1, -1]
advise	-1.0	[-1]
unwanted	-1.0	[-1]
stretch	-1.0	[-1]
significant	-1.0	[-1]
length	0.0	[-1, 1]
conducive	1.0	[1]
frequently	-1.0	[-1, -1]
fan	1.0	[1]
artist	1.0	[1]
frequent	-1.0	[-1]
list	-1.0	[-1]
location	-1.0	[-1, -1]
More	-1.0	[-1]
pas	-1.0	[-1]
official	-1.0	[-1]
checked	-1.0	[-1]
KEFLAVIK	1.0	[1]
WIFi	-1.0	[-1]
smell	-1.0	[-1, -1]
poorlimite	-1.0	[-1]
button	-1.0	[-1]
release	-1.0	[-1]
tonear	-1.0	[-1]
infection	-1.0	[-1]
minus	-1.0	[-1]
intercontinental	-1.0	[-1]
satisfaction	1.0	[1]
fuck	-1.0	[-1]
stupid	-1.0	[-1]
lousy	1.0	[1, 1]
ground	1.0	[1, 1]
seem	1.0	[1, 1]
webpage	-1.0	[-1]
subtitle	1.0	[1]
film	1.0	[1]
culture	1.0	[1]
moviesshow	1.0	[1]
fascinating	1.0	[1]
stoppover	-1.0	[-1]
tiring	-1.0	[-1]
conflicted	-1.0	[-1]
solely	-1.0	[-1]
inefficiency	-1.0	[-1, -1]
runway	-1.0	[-1, -1]
star	-1.0	[-1]
alliance	-1.0	[-1]
asleep	1.0	[1]
glad	1.0	[1]
guest	-1.0	[-1, -1]
honest	1.0	[1]
initially	-1.0	[-1]
mastercard	-1.0	[-1]
brutal	-1.0	[-1]
routing	-1.0	[-1, -1]
frabart	1.0	[1]
stock	1.0	[1]
dog	-1.0	[-1, -1]
german	-1.0	[-1]
straighten	-1.0	[-1]
animal	-1.0	[-1]
alert	-1.0	[-1]
escort	0.0	[-1, 1]
suggest	-1.0	[-1]
organisation	-1.0	[-1]
loss	-1.0	[-1, -1]
energy	-1.0	[-1]
select	-1.0	[-1]
screening	-1.0	[-1]
repeat	-1.0	[-1]
environment	-1.0	[-1]
misdirect	-1.0	[-1]
entity	-1.0	[-1]
resolve	1.0	[1]
flexible	-1.0	[-1]
refundable	-1.0	[-1]
painful	-1.0	[-1]
disabled	-1.0	[-1]
mom	-1.0	[-1]
jetway	-1.0	[-1]
climb	0.0	[1, -1, -1, 1]
camper	-1.0	[-1]
assist	-1.0	[-1]
25hr	-1.0	[-1]
10min	-1.0	[-1]
limitation	-1.0	[-1]
consolidate	-1.0	[-1]
attendent	-1.0	[-1]
gloss	-1.0	[-1]
foodsnack	-1.0	[-1]
pretzel	-1.0	[-1, -1]
cracker	-1.0	[-1, -1]
cookie	-1.0	[-1]
irritate	-1.0	[-1]
horrific	-1.0	[-1, -1]
untrue	-1.0	[-1]
automatic	-1.0	[-1]
unheard	0.0	[1, -1]
funeral	-1.0	[-1]
arm	-1.0	[-1]
melt	-1.0	[-1]
tremendous	-1.0	[-1]
canadian	-1.0	[-1]
overprice	-1.0	[-1]
brought	-1.0	[-1]
firsttime	-1.0	[-1]
usbc	-1.0	[-1]
screensentertainment	-1.0	[-1]
bagage	-1.0	[-1]
fort	1.0	[1]
umpleasant	-1.0	[-1]
waiting	-1.0	[-1]
bare	-1.0	[-1]
visaentry	-1.0	[-1]
questionning	-1.0	[-1]
first	0.0	[-1, 1]
enjoyable	0.3333333333333333	[1, -1, 1]
host	1.0	[1, 1]
ending	1.0	[1]
checking	-1.0	[-1]
delaybacklog	-1.0	[-1]
routine	-1.0	[-1]
questioning	-1.0	[-1]
informative	0.0	[-1, 1]
relieve	-1.0	[-1]
duplication	-1.0	[-1]
health	0.0	[-1, 1]
laptop	-1.0	[-1, -1]
british	-1.0	[-1]
airway	-1.0	[-1]
prepare	0.0	[-1, 1]
howl	-1.0	[-1]
example	-1.0	[-1, -1]
earth	1.0	[1]
wasntaware	-1.0	[-1]
boardingpass	-1.0	[-1]
fellow	-1.0	[-1]
serviceprice	-1.0	[-1]
significantly	-1.0	[-1]
block	-1.0	[-1]
traveller	-1.0	[-1]
weekly	1.0	[1]
aback	-1.0	[-1]
longish	-1.0	[-1]
attach	-1.0	[-1]
product	-1.0	[-1]
optional	-1.0	[-1]
lap	-1.0	[-1, -1]
interfere	-1.0	[-1]
ability	-1.0	[-1, -1]
tray	-1.0	[-1, -1]
tablet	-1.0	[-1, -1]
law	-1.0	[-1]
mandate	-1.0	[-1]
isle	-1.0	[-1, -1]
blatantly	-1.0	[-1]
disregard	-1.0	[-1, -1]
prepaid	-1.0	[-1]
545am	-1.0	[-1]
dire	-1.0	[-1]
muffle	-1.0	[-1]
training	-1.0	[-1]
program	-1.0	[-1]
leisure	-1.0	[-1]
reverse	-1.0	[-1]
thrust	-1.0	[-1]
starboard	-1.0	[-1]
engulf	-1.0	[-1]
spark	-1.0	[-1]
erupt	-1.0	[-1]
flame	-1.0	[-1]
explode	-1.0	[-1]
compensate	-1.0	[-1]
brake	-1.0	[-1]
easyjet	-1.0	[-1]
speedy	-1.0	[-1]
24th	-1.0	[-1]
generate	-1.0	[-1]
cancelltion	-1.0	[-1]
newly	-1.0	[-1]
adjust	-1.0	[-1]
berlin	-1.0	[-1]
operate	0.0	[-1, 1]
valid	-1.0	[-1]
warmheartedly	1.0	[1]
charming	1.0	[1]
deserve	0.3333333333333333	[1, -1, 1]
passager	1.0	[1]
optimal	1.0	[1]
airtrain	-1.0	[-1]
challenging	-1.0	[-1]
fish	-1.0	[-1]
disorderly	-1.0	[-1]
enforcement	-1.0	[-1]
rust	-1.0	[-1]
bucket	-1.0	[-1]
signal	-1.0	[-1]
arise	1.0	[1]
disheartening	1.0	[1]
risky	1.0	[1]
fight	1.0	[1]
unorganizedracist	-1.0	[-1]
aggressive	-1.0	[-1]
harass	-1.0	[-1]
proficient	1.0	[1]
success	1.0	[1]
primarily	1.0	[1]
liquid	1.0	[1]
plentiful	-1.0	[-1]
inbound	1.0	[1]
contribute	1.0	[1, 1]
decison	0.0	[0]
distinction	-1.0	[-1]
personable	1.0	[1]
earn	-1.0	[-1]
aeroplane	-1.0	[-1]
pregnant	-1.0	[-1]
extortionate	-1.0	[-1]
dissatisfied	-1.0	[-1]
hesitate	-1.0	[-1]
assure	-1.0	[-1]
bridge	-1.0	[-1, -1]
mobility	-1.0	[-1]
modern	-1.0	[-1]
frustrated	-1.0	[-1]
cooperation	-1.0	[-1]
aa	-1.0	[-1]
svc	-1.0	[-1]
enroute	-1.0	[-1]
headset	-1.0	[-1, -1]
rubberneck	1.0	[1]
wanderer	1.0	[1]
maintain	1.0	[1, 1]
dignit	1.0	[1]
privacy	1.0	[1]
fir	1.0	[1]
soul	1.0	[1]
doctor	1.0	[1]
organised	1.0	[1]
aggravate	-1.0	[-1]
rainy	1.0	[1]
foggy	1.0	[1]
cudo	1.0	[1]
sandiwch	-1.0	[-1]
stale	-1.0	[-1]
bread	-1.0	[-1, -1]
edible	-1.0	[-1]
fresher	-1.0	[-1]
effortless	1.0	[1, 1]
organise	1.0	[1]
downstairs	-1.0	[-1]
handicapped	1.0	[1]
wheelchair	1.0	[1, 1, 1]
deboarde	1.0	[1]
9th	-1.0	[-1]
turbulent	-1.0	[-1]
flyer	-1.0	[-1]
audible	-1.0	[-1]
movement	-1.0	[-1]
secure	1.0	[1]
port	1.0	[1]
datum	-1.0	[-1]
browser	-1.0	[-1]
backup	-1.0	[-1]
shove	-1.0	[-1]
wellmanage	1.0	[1]
transition	-1.0	[-1]
ugly	-1.0	[-1]
scene	-1.0	[-1]
excessive	-1.0	[-1]
cince	-1.0	[-1]
exterior	-1.0	[-1]
arctic	-1.0	[-1]
winter	-1.0	[-1]
corona	1.0	[1]
kick	-1.0	[-1]
idiotic	-1.0	[-1]
back	1.0	[1]
nuts	-1.0	[-1]
banking	-1.0	[-1]
statement	-1.0	[-1]
department	-1.0	[-1]
discovery	-1.0	[-1]
billing	-1.0	[-1]
ill	-1.0	[-1]
ago	-1.0	[-1]
insurance	-1.0	[-1]
roomy	-1.0	[-1]
client	-1.0	[-1]
conscientiousness	1.0	[1]
diamond	1.0	[1]
earring	1.0	[1]
pride	1.0	[1]
clerk	-1.0	[-1]
shout	-1.0	[-1]
covering	-1.0	[-1]
rewatche	-1.0	[-1]
rape	-1.0	[-1]
porn	-1.0	[-1]
implement	-1.0	[-1]
bij	-1.0	[-1]
middel	-1.0	[-1]
disgraceful	-1.0	[-1]
tempting	-1.0	[-1]
cafeteria	-1.0	[-1]
immigration	-1.0	[-1]
appreciated	1.0	[1]
JFKKEF	-1.0	[-1]
starve	-1.0	[-1]
refresh	-1.0	[-1]
tired	-1.0	[-1]
ball	-1.0	[-1]
coxic	-1.0	[-1]
bone	-1.0	[-1]
sml	-1.0	[-1]
joyful	-1.0	[-1]
anticipation	-1.0	[-1]
sacrifice	-1.0	[-1]
exhausted	-1.0	[-1]
appealing	-1.0	[-1]
securitycheckin	-1.0	[-1]
humane	-1.0	[-1]
expansive	1.0	[1]
up	1.0	[1]
precaution	-1.0	[-1]
spacing	-1.0	[-1]
drive	-1.0	[-1]
win	1.0	[1]
alliwe	1.0	[1]
nausea	1.0	[1]
listen	1.0	[1]
ZRHKEF	-1.0	[-1]
departing	-1.0	[-1]
mar	-1.0	[-1]
oversized	-1.0	[-1]
occasional	-1.0	[-1]
custody	-1.0	[-1]
preferred	-1.0	[-1]
competitive	1.0	[1]
experienced	-1.0	[-1]
ride	-1.0	[-1, -1, -1]
mph	-1.0	[-1]
adorable	1.0	[1]
average	1.0	[1]
queen	-1.0	[-1]
false	-1.0	[-1]
sarcastic	0.0	[-1, 1]
skill	-1.0	[-1]
refer	1.0	[1]
waist	-1.0	[-1]
monitor	-1.0	[-1]
nonfirstclass	-1.0	[-1]
disapointing	-1.0	[-1]
adrink	-1.0	[-1]
wa	-1.0	[-1]
stiff	-1.0	[-1]
flap	-1.0	[-1]
cradle	-1.0	[-1]
dry	-1.0	[-1]
cardboard	-1.0	[-1]
savvy	1.0	[1]
cafe	1.0	[1]
okay	1.0	[1]
guide	1.0	[1]
daily	-1.0	[-1]
virtually	-1.0	[-1]
harsh	-1.0	[-1]
penalize	-1.0	[-1]
cheery	1.0	[1]
souvenir	-1.0	[-1]
chocolate	-1.0	[-1]
dash	-1.0	[-1]
relaxing	1.0	[1]
nei	0.0	[0]
game	0.0	[-1, 1]
thousand	-1.0	[-1]
separately	-1.0	[-1]
fucking	-1.0	[-1]
unethical	-1.0	[-1]
soda	-1.0	[-1]
cramped	-1.0	[-1]
smallother	-1.0	[-1]
hoid	-1.0	[-1]
injure	1.0	[1]
stairway	1.0	[1]
lift	1.0	[1]
bend	-1.0	[-1]
handler	-1.0	[-1]
allergen	-1.0	[-1]
spike	1.0	[1]
smoothness	1.0	[1]
massively	1.0	[1]
immaculate	1.0	[1]
approx	1.0	[1]
lie	-1.0	[-1]
soooo	1.0	[1]
consume	-1.0	[-1]
norwegian	-1.0	[-1]
flightto	-1.0	[-1]
planning	-1.0	[-1]
diffinatly	1.0	[1]
complicate	-1.0	[-1]
tram	-1.0	[-1]
privious	1.0	[1]
conforting	1.0	[1]
midway	1.0	[1]
exceed	1.0	[1]
expectation	1.0	[1]
adult	-1.0	[-1]
shoulder	-1.0	[-1, -1]
weakness	-1.0	[-1]
akin	-1.0	[-1]
legged	-1.0	[-1]
